0 0.002016 0.0
1 0.072883 0.39741000000000004
2 0.186082 0.0
3 0.012516 0.106556
4 0.847083 0.0
5 0.1961 0.0
6 0.890054 0.0
7 0.13439299999999998 0.09151
8 0.587872 0.0
9 0.018411 0.7300339999999998
10 0.090447 0.7949829999999999
11 0.0 0.0
12 0.0 0.0
13 0.04716 0.7229120000000001
14 0.34342500000000004 0.0
15 0.0 0.0
16 0.354575 0.60102
17 0.442129 0.0
18 0.0 0.0
19 0.184799 0.0
20 0.17149399999999998 0.0
21 0.0 0.196129
22 0.0 0.186607
23 0.359228 0.149945
24 0.38771200000000006 0.0
25 0.067424 0.321729
26 0.015926 0.58549
27 0.490165 0.0
28 0.405199 0.021621
29 0.081214 0.38465000000000005
30 6.3E-4 0.634007
31 0.037048 0.290051
32 0.0 0.0
33 0.341674 0.0
34 0.0 0.868617
35 0.582128 0.0
36 0.020124 0.46032400000000007
37 0.0 0.0
38 0.241022 0.445955
39 0.0 0.227021
40 0.100526 0.29582200000000003
41 0.34882799999999997 0.112681
42 0.0 0.0
43 0.0 0.0
44 0.0 0.0
45 0.184422 0.382839
46 0.343628 0.0
47 0.84839 0.0
48 0.0 0.34042700000000004
49 0.139736 0.0
50 0.0 0.758764
51 0.0 0.400826
52 0.0 0.0
53 0.370544 0.31066099999999996
54 0.0 0.764901
55 0.0 0.36951999999999996
56 0.0 0.736025
57 0.269874 0.199867
58 0.204119 0.066853
59 0.0 0.35170599999999996
60 0.339298 0.0
61 0.845104 0.0
62 0.077125 0.7818080000000001
63 0.574629 0.291483
64 0.9736690000000001 0.0
65 0.03616 0.39192499999999997
66 0.0 0.7429460000000001
67 0.116757 0.686139
68 0.284089 0.0
69 0.059277 0.43237
70 0.847815 0.0
71 0.632438 0.0
72 0.0 0.893841
73 0.0343 0.30606300000000003
74 0.435228 0.0
75 0.0 0.652802
76 0.395431 0.375223
77 0.105247 0.0
78 0.9088890000000001 0.0
79 0.063549 0.640807
80 0.0 0.102964
81 0.962426 0.0
82 0.041848 0.585534
83 0.0 0.532436
84 0.0 0.263087
85 0.0 0.274576
86 0.354495 0.0
87 0.180191 0.536272
88 0.11614 0.395283
89 0.8307990000000001 0.0
90 0.454947 0.0
91 0.823299 0.0
92 0.435142 0.0
93 0.04838 0.310234
94 0.11414099999999999 0.07411
95 0.872984 0.0
96 0.0 0.181872
97 0.835366 0.0
98 0.0 0.6569260000000001
99 0.48626400000000003 0.0
100 0.316551 0.420632
101 0.085885 0.0
102 0.0 0.0
103 0.12198300000000001 0.6224339999999999
104 0.069201 0.5148739999999999
105 0.181959 0.532913
106 0.172693 0.0
107 0.0 0.0
108 0.0 0.28867499999999996
109 0.0 0.8105930000000001
110 0.518004 0.0
111 0.00423 0.181308
112 0.56929 0.0
113 0.0 0.387449
114 0.0 0.0
115 0.222108 0.0
116 0.496189 0.0
117 0.238175 0.6717500000000001
118 0.050112 0.7050820000000001
119 0.141317 0.7082780000000001
120 0.0 0.637205
121 0.0 0.7608320000000001
122 0.036122 0.13868899999999998
123 0.0 0.144
124 0.249062 0.676223
125 0.0 0.301665
126 0.005601 0.40531
127 0.0 0.587078
128 0.139678 0.5490659999999999
129 0.239294 0.147621
130 0.216366 0.131169
131 0.336936 0.0
132 0.0 0.229649
133 4.09E-4 0.7779889999999999
134 0.0 0.5538069999999999
135 0.0 0.089647
136 0.014528 0.30945799999999996
137 0.213975 0.1129
138 0.0 0.0
139 0.0 0.45875
140 0.21027099999999999 0.0
141 0.0 0.14861
142 0.03941 0.6598620000000002
143 0.294689 0.0
144 0.030821 0.0
145 0.907206 0.0
146 0.0 0.35847
147 0.572268 0.0
148 0.139919 0.38004299999999996
149 0.139821 0.0
150 0.34108299999999997 0.0
151 0.676789 0.0
152 0.329538 0.0
153 0.611779 0.25871
154 0.613788 0.0
155 0.0 0.0
156 0.047048 0.45121
157 0.0 0.450792
158 0.0 0.377016
159 0.0 0.495629
160 0.0 0.0
161 0.076198 0.21074199999999998
162 0.0 0.0
163 0.0 0.0
164 0.327626 0.614966
165 0.002299 0.925303
166 0.386288 0.0
167 0.030923 0.0
168 0.439575 0.199269
169 0.093615 0.462766
170 0.0 0.0
171 0.254495 0.0
172 0.008468 0.26972
173 0.09128 0.055271
174 0.565593 0.0
175 0.523026 0.131348
176 0.0 0.654919
177 0.0 0.0
178 0.0 0.667125
179 0.0 0.0
180 0.26158 0.0
181 0.668104 0.0
182 0.784008 0.0
183 0.0 0.0
184 0.0 0.401592
185 0.081505 0.23353999999999997
186 0.034909 0.761465
187 0.488811 0.0
188 0.040013 0.803137
189 0.8745040000000001 0.0
190 0.8278019999999999 0.0
191 0.0 0.0
192 0.0 0.0
193 0.576324 0.0
194 0.346679 0.0
195 0.830211 0.0
196 0.109932 0.0
197 0.170438 0.38309600000000005
198 0.0 0.34010100000000004
199 0.035958 0.412238
200 0.068596 0.634776
201 0.834589 0.0
202 0.705359 0.190253
203 0.018887 0.377297
204 0.23309899999999997 0.029801
205 0.162145 0.0
206 0.0 0.505754
207 0.0 0.808331
208 0.0 0.712431
209 0.339903 0.0
210 0.0 0.0
211 0.0 0.7488579999999999
212 0.18348899999999999 0.271601
213 0.178576 0.47496099999999997
214 0.566458 0.0
215 0.0 0.0
216 0.0 0.0
217 0.455914 0.0
218 0.216266 0.0
219 0.720924 0.0
220 0.519192 0.0
221 0.321029 0.0
222 0.0 0.148644
223 0.053159 0.082498
224 0.093816 0.686969
225 0.8341369999999999 0.0
226 0.0 0.0
227 0.664792 0.0
228 0.553649 0.0
229 0.0 0.0
230 0.490197 0.0
231 0.0 0.485186
232 0.0 0.443215
233 0.239589 0.0
234 0.0 0.0
235 0.0 0.0
236 0.027604 0.131173
237 0.468073 0.274276
238 0.0 0.477975
239 0.048538 0.33543199999999995
240 0.0 0.0
241 0.074731 0.0
242 0.29840900000000004 0.093079
243 0.301351 0.320442
244 0.0 0.0
245 0.027949 0.0
246 0.143084 0.517772
247 0.0 0.0
248 0.0 0.149373
249 0.510568 0.099989
250 0.301273 0.596336
251 0.0 0.113494
252 0.0 0.0
253 0.999061 0.0
254 0.44413300000000006 0.0
255 0.0 0.0
256 0.0 0.0
257 0.308585 0.0
258 0.0 0.46065999999999996
259 0.43148299999999995 0.0
260 0.0 0.825607
261 0.0 0.5201410000000001
262 0.484826 0.0
263 0.224424 0.0
264 0.465981 0.0
265 0.0 0.455583
266 0.917995 0.0
267 0.0 0.0
268 0.0 0.480352
269 0.628895 0.068589
270 0.0 0.0
271 0.0 0.040361
272 0.039365 0.711236
273 0.117342 0.0
274 0.0 0.5104409999999999
275 0.72379 0.0
276 0.262623 0.644183
277 0.068604 0.6046890000000001
278 0.7012229999999999 0.0
279 0.034671 0.0
280 0.099623 0.303778
281 0.0 0.219891
282 0.0 0.0
283 0.403022 0.0
284 0.380567 0.047732
285 0.189192 0.23841599999999996
286 0.789023 0.0
287 0.0 0.0
288 0.741371 0.0
289 0.0 0.0
290 0.086384 0.822992
291 0.033276 0.087738
292 0.862836 0.0
293 0.0 0.0
294 0.242315 0.728992
295 0.069224 0.792246
296 0.457172 0.0
297 0.186275 0.35865
298 0.0 0.401862
299 0.193676 0.0
300 0.755082 0.141661
301 0.994536 0.0
302 0.68092 0.0
303 0.089129 0.454474
304 0.039099 0.211331
305 0.0 0.0
306 0.894964 0.0
307 0.306714 0.565966
308 0.042318 0.553145
309 0.0 0.43408800000000003
310 0.186875 0.401363
311 0.153011 0.7917339999999999
312 0.143421 0.0
313 0.063917 0.310781
314 0.0 0.896417
315 0.073624 0.518508
316 0.924499 0.0
317 0.24345 0.637315
318 0.0 0.547417
319 0.462162 0.0
320 0.0 0.660172
321 0.9433199999999999 0.0
322 0.06440900000000001 0.241709
323 0.100213 0.7241690000000001
324 0.0 0.337822
325 0.0 0.07267
326 0.048665 0.0
327 0.721952 0.0
328 0.250374 0.0
329 0.147063 0.469838
330 0.183982 0.124005
331 0.308666 0.46531199999999995
332 0.243312 0.265994
333 0.036935 0.0
334 0.0 0.7157880000000001
335 0.0 0.0
336 0.232721 0.0
337 0.0 0.155681
338 0.0 0.0
339 0.32925 0.43993899999999997
340 0.460308 0.0
341 0.0 0.417337
342 0.0 0.7422300000000001
343 0.340853 0.0
344 0.05275 0.0
345 0.057694 0.2628
346 0.394355 0.077227
347 0.418455 0.0
348 0.0 0.0
349 0.0 0.0
350 0.22296100000000002 0.20997300000000002
351 0.687928 0.0
352 0.0 0.411181
353 0.042906 0.14265
354 0.0 0.6947230000000001
355 0.0 0.687151
356 0.0 0.200341
357 0.0 0.598041
358 0.0 0.0
359 0.0 0.557979
360 0.104598 0.32445199999999996
361 0.0 0.116802
362 0.0 0.171321
363 0.0 0.0
364 0.376066 0.514892
365 0.0 0.590114
366 0.047084 0.014161
367 0.0 0.5084770000000001
368 0.021338 0.19463999999999998
369 0.05532 0.598661
370 0.069077 0.267775
371 0.431819 0.0
372 0.0 0.360843
373 0.117931 0.309066
374 0.035686999999999997 0.234704
375 0.0 0.416918
376 0.121438 0.13841
377 0.0 0.824786
378 0.14596 0.19508299999999998
379 0.0 0.0
380 0.0 0.576971
381 0.0 0.39483100000000004
382 0.0 0.896039
383 0.0 0.284935
384 0.0 0.0
385 0.41898199999999997 0.0
386 0.0 0.0
387 0.1461 0.213728
388 0.0 0.116923
389 0.043214 0.21228500000000003
390 0.0 0.50812
391 0.10269099999999999 0.235226
392 0.131799 0.248285
393 0.0 0.437496
394 0.146559 0.248714
395 0.12217399999999999 0.139878
396 0.0 0.18165399999999998
397 0.034451 0.361902
398 0.073794 0.30802
399 0.0 0.472681
400 0.06992799999999999 0.024513
401 0.0 0.0
402 0.04675 0.32298
403 0.0 0.572134
404 0.083348 0.21230300000000002
405 0.0 0.425426
406 0.227658 0.680936
407 0.0 0.421211
408 0.007964 0.15015499999999998
409 0.049067 0.073755
410 0.0 0.7958189999999999
411 0.0 0.99481
412 0.102487 0.294447
413 0.0 0.323916
414 0.008849 0.0
415 0.0 0.423155
416 0.0 0.354659
417 0.074231 0.162749
418 0.0 0.592788
419 0.019303999999999998 0.40447400000000006
420 0.012778 0.038979
421 0.0 0.151496
422 0.094968 0.42218500000000003
423 0.16584500000000002 0.23894
424 0.0 0.236357
425 0.0 0.456198
426 0.0 0.138223
427 0.004525 0.0
428 0.0 0.0
429 0.0 0.890104
430 0.134875 0.392169
431 0.130533 0.342648
432 0.049709 0.09332
433 0.407076 0.480264
434 0.217682 0.250572
435 0.0 0.34722
436 0.09556999999999999 0.027849
437 0.0 0.323906
438 0.098248 0.20502099999999995
439 0.0 0.15775299999999998
440 0.022446 0.037738
441 0.0 0.438872
442 0.0 0.35843100000000006
443 0.0 0.768547
444 0.04146 0.33808099999999996
445 0.0 0.33024800000000004
446 0.0 0.41702700000000004
447 0.0 0.120931
448 0.0 0.53179
449 0.28786 0.0
450 0.0 0.739034
451 0.0 0.06575
452 0.0 0.440161
453 0.0 0.422935
454 0.0 0.255443
455 0.026054 0.5196270000000001
456 0.018693 0.42746000000000006
457 0.0 0.7100879999999999
458 0.0 0.14677600000000002
459 0.0 0.8991089999999999
460 0.0 0.31743599999999994
461 0.230622 0.196437
462 0.157881 0.236993
463 0.03044 0.293734
464 0.477891 0.0
465 0.074071 0.213367
466 0.0 0.833675
467 0.46885699999999997 0.396487
468 0.0 0.0
469 0.0 0.18275
470 0.0 0.870325
471 0.0 0.468387
472 0.860891 0.0
473 0.023056 0.221098
474 0.0 0.37137900000000007
475 0.071211 0.183414
476 0.0 0.317434
477 0.0 0.25488
478 0.0 0.028811
479 0.0 0.190584
480 0.212127 0.0
481 0.0 0.7273130000000001
482 0.033224 0.449609
483 0.08448299999999999 0.07941199999999998
484 0.007139 0.15777
485 0.0 0.888766
486 0.0 0.481708
487 0.025729 0.14745
488 0.147743 0.25797000000000003
489 0.0 0.773552
490 0.0 0.647696
491 0.0 0.370663
492 0.0 0.31018900000000005
493 0.151141 0.37200099999999997
494 0.0 0.35596700000000003
495 0.0 0.12997999999999998
496 0.05161 0.24213799999999996
497 0.085492 0.32025000000000003
498 0.0 0.0
499 0.0 0.0
500 0.002368 0.015484
501 0.714677 0.256092
502 0.0 0.40536099999999997
503 0.037887 0.188754
504 0.042582 0.23029499999999997
505 0.0 0.8083009999999999
506 0.008639 0.27896400000000005
507 0.063972 0.40433
508 0.0 0.500566
509 0.0 0.0
510 0.0 0.239152
511 0.0 0.401482
512 0.010409 0.416447
513 0.122278 0.228723
514 0.07416 0.33128599999999997
515 0.09102199999999999 0.319482
516 0.0 0.766414
517 0.051691 0.178452
518 0.0 0.45263200000000003
519 0.0 0.508086
520 0.0 0.15537099999999998
521 0.0 0.23176600000000003
522 0.0 0.38498899999999997
523 0.120763 0.359046
524 0.126824 0.286223
525 0.060855 0.28252499999999997
526 0.092693 0.166745
527 0.10547100000000001 0.416198
528 0.0 0.35057
529 0.0 0.867
530 0.0 0.22112
531 0.0 0.20030599999999998
532 0.347173 0.074941
533 0.0 0.0
534 0.0 0.46405799999999997
535 0.271206 0.38549
536 0.0 0.232874
537 0.075837 0.449879
538 0.032080000000000004 0.18324000000000001
539 0.14693299999999998 0.285397
540 0.019152 0.865798
541 0.0 0.641519
542 0.144347 0.069119
543 0.058536 0.493285
544 0.198668 0.20452700000000001
545 0.088186 0.42930100000000004
546 0.0 0.375896
547 0.0 0.28195000000000003
548 0.0 0.39441200000000004
549 0.0 0.0
550 0.0 0.0
551 0.0 0.733401
552 0.741784 0.0
553 0.1096 0.139819
554 0.0 0.467942
555 0.0792 0.624297
556 0.120397 0.365822
557 0.0 0.433713
558 0.18317 0.326738
559 0.147066 0.140906
560 0.171988 0.170323
561 0.046353 0.005667
562 0.0 0.38259
563 0.032335 0.125141
564 0.583033 0.001263
565 0.0 0.0
566 0.058088 0.277477
567 0.25378 0.20649800000000001
568 0.0 0.5311060000000001
569 0.0 0.550891
570 0.0 0.216991
571 0.0 0.8315980000000001
572 0.514845 0.0
573 0.116314 0.38390399999999997
574 0.072663 0.112251
575 0.0 0.462805
576 0.381233 0.0
577 0.20389200000000002 0.0
578 0.342434 0.0
579 0.119139 0.0
580 0.093122 0.10350299999999998
581 0.0 0.0
582 0.166088 0.0
583 0.10707599999999999 0.0
584 0.102708 0.0
585 0.0 0.0
586 0.880205 0.0
587 0.253096 0.0
588 0.08017 0.0
589 0.15452 0.360082
590 0.105815 0.37795599999999996
591 0.214616 0.129024
592 0.172232 0.270799
593 0.0 0.0
594 0.660049 0.182906
595 0.0 0.0
596 0.056883 0.12151499999999998
597 0.145079 0.168663
598 0.203224 0.0
599 0.356504 0.0
600 0.10936 0.0
601 0.0 0.238323
602 0.0 0.0
603 0.0 0.34260100000000004
604 0.08537700000000001 0.024573
605 0.164672 0.546965
606 0.12702000000000002 0.105261
607 0.0 0.0
608 0.981519 0.0
609 0.0756 0.083765
610 0.613746 0.0
611 0.0 0.24079899999999999
612 0.166071 0.338922
613 0.0 0.0
614 0.0 0.188972
615 0.201846 0.0
616 0.206883 0.07073
617 0.0 2.88E-4
618 0.223132 0.126677
619 0.189021 0.28229299999999996
620 0.0 0.313039
621 0.785556 0.0
622 0.363361 0.0
623 0.289737 0.170207
624 0.0 0.0
625 0.089821 0.236578
626 0.0 0.454419
627 0.24221900000000002 0.0
628 0.232275 0.0
629 0.06437 0.0
630 0.06834 0.562627
631 0.021777 0.0
632 0.180438 0.0
633 0.20776 0.0
634 0.41247100000000003 0.0
635 0.174432 0.0
636 0.194291 0.371329
637 0.120619 0.033155
638 0.0 0.0
639 0.781661 0.0
640 0.19389299999999998 0.0
641 0.025778 0.082109
642 0.0 0.0
643 0.171117 0.0
644 0.196378 0.518794
645 0.148982 0.236604
646 0.489026 0.0
647 0.312287 0.0
648 0.0 0.0
649 0.738729 0.0
650 0.060152 0.0
651 0.12201299999999998 0.095607
652 0.256982 0.60975
653 0.072158 0.275655
654 0.0 0.314729
655 0.0 0.0
656 0.0 0.0
657 0.27977399999999997 0.410657
658 0.227016 0.0
659 0.01875 0.0
660 0.0 0.0
661 0.178727 0.0
662 0.129523 0.0
663 0.37419899999999995 0.0
664 0.163695 0.117507
665 0.37882800000000005 0.0
666 0.386996 0.523967
667 0.864777 0.040482
668 0.0 0.0
669 0.18529099999999998 0.273261
670 0.216998 0.0
671 0.350555 0.0
672 0.293762 0.0
673 0.940354 0.0
674 0.781948 0.0
675 0.299964 0.0
676 0.204198 0.0
677 0.102476 0.318618
678 0.275372 0.029029
679 0.148767 0.0
680 0.156275 0.47264300000000004
681 0.138715 0.0
682 0.188016 0.0
683 0.174599 0.0
684 0.114201 0.0
685 0.014092 0.561812
686 0.0 0.0
687 0.07683 0.0
688 0.184552 0.07352700000000001
689 0.42175399999999996 0.16643
690 0.222357 0.0
691 0.0 0.9127479999999999
692 0.461426 0.0
693 0.147703 0.118316
694 0.31723599999999996 0.137005
695 0.306062 0.023036
696 0.22804600000000003 0.009739
697 0.0 0.090838
698 0.069337 0.097207
699 0.0 0.052613
700 0.0 0.0
701 0.07198199999999999 0.03811
702 0.93029 0.0
703 0.17997500000000002 0.11421300000000001
704 0.078356 0.0
705 0.173671 0.119849
706 0.448611 0.0
707 0.120408 0.471112
708 0.124619 0.382365
709 0.13326 0.194638
710 0.421817 0.0
711 0.255963 0.0
712 0.279785 0.0
713 0.21964000000000003 0.15329600000000002
714 0.41687799999999997 0.0
715 0.496229 0.0
716 0.40319099999999997 0.0
717 0.0 0.0
718 0.16111 0.0
719 0.26340600000000003 0.099989
720 0.0 0.0
721 0.240843 0.0
722 0.130216 0.0
723 0.47961000000000004 0.0
724 0.295051 0.133911
725 0.156592 0.0
726 0.311987 0.066219
727 0.243571 0.00989
728 0.15465800000000002 0.17010999999999998
729 0.260567 0.49375800000000003
730 0.0 0.0
731 0.24795 0.018256
732 0.430464 0.0
733 0.009167 0.375408
734 0.49877999999999995 0.139177
735 0.515132 0.307078
736 0.288354 0.47185900000000003
737 0.085563 0.0
738 0.261287 0.158978
739 0.201478 0.0
740 0.389151 0.0
741 0.0 0.087981
742 0.195866 0.317415
743 0.0 0.529761
744 0.323519 0.0
745 0.13617 0.084553
746 0.0 0.798019
747 0.21957699999999997 0.03733
748 0.440744 0.0
749 0.607856 0.0
750 0.707556 0.0
751 0.120673 0.0
752 0.204698 0.067368
753 0.0 0.28176100000000004
754 0.156235 0.13806100000000002
755 0.114438 0.0
756 0.367228 0.0
757 0.0 0.0
758 0.432068 0.0
759 0.640252 0.0
760 0.0 0.038314
761 0.0 0.29752900000000004
762 0.134928 0.0
763 0.253419 0.0
764 0.186892 0.0
765 0.152035 0.432996
766 0.23825 0.0
767 0.588262 0.0
768 0.378207 0.092523
769 0.0 0.6674610000000001
770 0.27407 0.014563
771 0.18054599999999998 0.229118
772 0.0 0.06813
773 0.125683 0.0
774 0.36744299999999996 0.115009
775 0.0 0.0
776 0.0 0.361345
777 0.34802700000000003 0.0
778 0.33925799999999995 0.0
779 0.340303 0.041421
780 0.296121 0.119332
781 0.21212399999999998 0.023249
782 0.42772899999999997 0.319786
783 0.319963 0.0
784 0.266914 0.034995
785 0.828616 0.0
786 0.0 0.401706
787 0.167999 0.0
788 0.584978 0.0
789 0.078409 0.140934
790 0.0 0.0
791 0.352513 0.0
792 0.178711 0.0
793 0.166395 0.0
794 0.0 0.104756
795 0.162473 0.0
796 0.784488 0.0
797 0.09920299999999999 0.0
798 0.0 0.779909
799 0.0 0.521711
800 0.0 0.0
801 0.0 0.0
802 0.038997 0.0
803 0.15071 0.0
804 0.0 0.321197
805 0.43506 0.0
806 0.329849 0.096716
807 0.426492 0.0
808 0.290949 0.0
809 0.235669 0.0
810 0.363627 0.175787
811 0.0 0.139023
812 0.0 0.0
813 0.0 0.8350420000000001
814 0.192316 0.0
815 0.14888400000000002 0.08837600000000001
816 0.039348 0.418684
817 0.234458 0.0
818 0.23270400000000002 0.109637
819 0.217129 0.0
820 0.370189 0.117661
821 0.0 0.0
822 0.4675 0.0
823 0.0 0.0
824 0.331321 0.082816
825 0.141255 0.7355360000000001
826 0.2173 0.0
827 0.417184 0.083505
828 0.27668600000000004 0.12618900000000002
829 0.358789 0.0
830 0.23937600000000003 0.148046
831 0.094961 0.0
832 0.0 0.0
833 0.0 0.0
834 0.292145 0.087403
835 0.127391 0.517237
836 0.565174 0.0
837 0.670571 0.0
838 0.429375 0.019468
839 0.574802 0.0
840 0.158992 0.0
841 0.647516 0.0
842 0.298184 0.0
843 0.361273 0.0
844 0.202359 0.191254
845 0.506603 0.0
846 0.966199 0.0
847 0.212692 0.0
848 0.147592 0.189139
849 0.234104 0.05147
850 0.611108 0.0
851 0.739249 0.0
852 0.188388 0.0
853 0.121914 0.0
854 0.485421 0.0
855 0.0 0.0
856 0.002067 0.038031
857 0.203142 0.40224899999999997
858 0.0 0.243348
859 0.0 0.302306
860 0.0 0.0
861 0.0 0.282692
862 0.09916 0.392258
863 0.0 0.522528
864 0.0 0.732629
865 0.0 0.857358
866 0.287752 0.0
867 0.0 0.619563
868 0.0 0.0
869 0.0 0.972357
870 0.31759 0.0
871 0.0 0.15453
872 0.377321 0.554832
873 0.0 0.125631
874 0.90976 0.0
875 0.0 0.392411
876 0.0 0.321216
877 0.0 0.657873
878 0.0 0.210157
879 0.33537 0.45498
880 0.697616 0.0
881 0.9598570000000001 0.0
882 0.0 0.854724
883 0.0 0.230141
884 0.0 0.970917
885 0.0 0.571707
886 0.0 0.918967
887 0.536026 0.0
888 0.0 0.9697640000000001
889 0.0 0.538463
890 0.0 0.661748
891 0.0 0.0
892 0.0 0.0
893 0.0 0.870918
894 0.0 0.0
895 0.0 0.0
896 0.150642 0.0
897 0.0477 0.12041900000000001
898 0.181788 0.0
899 0.0 0.313659
900 0.219983 0.0
901 0.127879 0.08252
902 0.253251 0.0
903 0.178614 0.0
904 0.0 0.0
905 0.106831 0.0
906 0.041615 0.036003
907 0.191596 0.0
908 0.127465 0.0
909 0.064005 0.0
910 0.03211 0.0
911 0.0 0.0
912 0.41257600000000005 0.0
913 0.111044 0.107854
914 0.228579 0.0
915 0.18563600000000002 0.09884699999999999
916 0.040043999999999996 0.188994
917 0.14161100000000001 0.013932
918 0.290252 0.0
919 0.19692300000000001 0.0
920 0.195272 0.0
921 0.02351 0.066863
922 0.170309 0.204593
923 0.09007 0.0
924 0.062287 0.0
925 0.010883 0.12769200000000003
926 0.026063 0.363004
927 0.05243199999999999 0.07120499999999999
928 0.519614 0.0
929 0.107428 0.0
930 0.19296799999999997 0.13820100000000002
931 0.0 0.458564
932 0.04033 0.207011
933 0.148845 0.0
934 0.068942 0.097594
935 0.0 0.0
936 0.032525 0.033408
937 0.136182 0.0
938 0.19118600000000002 0.016873
939 0.0 0.5652539999999999
940 0.0 0.0
941 0.178004 0.0
942 0.153436 0.0
943 0.0 0.208851
944 0.098981 0.12950699999999998
945 0.448173 0.0
946 0.037602 0.18625700000000003
947 0.043489 0.16507000000000002
948 0.177183 0.028211
949 0.0 0.235433
950 0.49205600000000005 0.0
951 0.062372 0.100069
952 0.017931 0.110378
953 0.031963 0.177728
954 0.164639 0.0
955 0.577963 0.0
956 0.155138 0.0
957 0.23788399999999998 0.0
958 0.022073000000000002 0.140803
959 0.068595 0.180429
960 0.020907 0.20334000000000002
961 0.606638 0.0
962 0.0 0.25283599999999995
963 0.23984899999999998 0.017451
964 0.03894 0.0
965 0.140686 0.163136
966 0.009788999999999999 0.188508
967 0.034895 0.049416
968 0.00837 0.084711
969 0.084856 0.0
970 0.150972 0.0
971 0.029078 0.0
972 0.088177 0.0
973 0.193917 0.103275
974 0.23109000000000002 0.0
975 0.184297 0.0
976 0.126204 0.034587
977 0.08826 0.009011
978 0.038024 0.116077
979 0.45520499999999997 0.0
980 0.0 0.10933399999999999
981 0.13095 0.0
982 0.013292 0.22719499999999998
983 0.0 0.20779500000000004
984 0.210314 0.0
985 0.36011499999999996 0.0
986 0.268563 0.20399499999999998
987 0.317566 0.0
988 0.099722 0.0
989 0.121906 0.0
990 0.323455 0.07334500000000001
991 0.277973 0.19105
992 0.20681199999999997 0.07074
993 0.0 0.033106000000000003
994 0.146825 0.0
995 0.0 0.076067
996 0.504475 0.0
997 0.0 0.15670800000000001
998 0.0 0.0
999 0.034895 0.11155999999999999
1000 0.28167899999999996 0.0
1001 0.311482 0.046642
1002 0.876992 0.0
1003 0.077615 0.077474
1004 0.026187000000000002 0.111147
1005 0.133442 0.0
1006 0.031300999999999995 0.19425
1007 0.086753 0.053084
1008 0.0 0.0
1009 0.215376 0.0
1010 0.0 0.0
1011 0.091987 0.026081
1012 0.259328 0.010757
1013 0.366377 0.111785
1014 0.097522 0.0
1015 0.254214 0.0
1016 0.6665220000000002 0.0
1017 0.059656999999999995 0.17935500000000001
1018 0.26267199999999996 0.0
1019 0.188058 0.0
1020 0.203751 0.0
1021 0.116703 0.0
1022 0.0 0.0
1023 0.0 0.0
1024 0.003884 0.033198
1025 0.056967 0.128247
1026 0.026729000000000003 0.079533
1027 0.266865 0.0
1028 0.081796 0.177773
1029 0.035969 0.138362
1030 0.444581 0.0
1031 0.0 0.0
1032 0.111752 0.0
1033 0.064555 0.0
1034 0.907308 0.0
1035 0.08596100000000001 0.068626
1036 0.185542 0.0
1037 0.140662 0.026317
1038 0.158072 0.0
1039 0.0 0.42293800000000004
1040 0.013976 0.134768
1041 0.004593 0.13822
1042 0.0 0.210015
1043 0.7888819999999999 0.0
1044 0.340617 0.0
1045 0.29794600000000004 0.0
1046 0.765372 0.0
1047 0.035171 0.016745
1048 0.0 0.13563699999999998
1049 0.038216 0.096718
1050 0.248283 0.0
1051 0.246301 0.053925
1052 0.105292 0.042496000000000006
1053 0.384566 0.0
1054 0.013306 0.06890299999999999
1055 0.306753 0.0
1056 0.040358 0.108098
1057 0.369452 0.0
1058 0.280691 0.0
1059 0.043836 0.06420899999999999
1060 0.18329499999999999 0.0
1061 0.0 0.0
1062 0.19864900000000002 0.0
1063 0.0 0.346481
1064 0.100933 0.44999700000000004
1065 0.0 0.0
1066 0.046958 0.0
1067 0.064945 0.0
1068 0.0 0.250591
1069 0.0 0.231709
1070 0.132604 0.052202
1071 0.398343 0.0
1072 0.0 0.170819
1073 0.0 0.0
1074 0.041857 0.09995
1075 0.026556 0.09334500000000001
1076 4.98E-4 0.029837
1077 0.237543 0.115023
1078 0.050428 0.13196000000000002
1079 0.017762 0.12283200000000002
1080 0.047793 0.092907
1081 0.113717 0.0
1082 0.16473 0.0
1083 0.019937999999999997 0.19670000000000004
1084 0.061242 0.415474
1085 0.176605 0.30247399999999997
1086 0.02385 0.13165400000000002
1087 0.219749 0.0
1088 0.29393800000000003 0.0
1089 0.062824 0.0
1090 0.158193 0.10638600000000001
1091 0.321721 0.0
1092 0.019589 0.049383
1093 0.275291 0.0
1094 0.134283 0.135262
1095 0.136498 0.261061
1096 0.0 0.0
1097 0.12891 0.057347
1098 0.0 0.0
1099 0.15104900000000002 0.0
1100 0.19774800000000003 0.0
1101 0.014269 0.25998600000000005
1102 0.102254 0.0
1103 0.0 0.0
1104 0.161387 0.0
1105 0.505848 0.0
1106 0.047228 0.12799
1107 0.001151 0.25388799999999995
1108 0.16292199999999998 0.0
1109 0.074756 0.108307
1110 0.060029 0.0611
1111 0.529583 0.0
1112 0.079794 0.057719
1113 0.200676 0.02119
1114 0.0 0.004665
1115 0.245061 0.0
1116 0.0 0.013534
1117 0.019173000000000003 0.07922399999999999
1118 0.165372 0.018657
1119 0.441959 0.0
1120 0.094695 0.0
1121 0.0 0.16620800000000002
1122 0.087527 0.056317
1123 0.085445 0.128782
1124 0.040002 0.12645
1125 0.048038 0.19729100000000002
1126 0.013266 0.12485699999999997
1127 0.240859 0.0
1128 0.0 0.08498
1129 0.11634300000000002 0.0
1130 0.0 0.15607200000000004
1131 0.033486 0.023926
1132 0.017252 0.031512
1133 0.0 0.571278
1134 0.253725 0.0
1135 0.060732 0.16549
1136 0.16501100000000002 0.029561
1137 0.204825 0.006277
1138 0.46936 0.0
1139 0.076291 0.0
1140 0.025724 0.0
1141 0.089125 0.177837
1142 0.151877 0.00813
1143 0.0 0.0
1144 0.148807 0.0
1145 0.185411 0.0
1146 0.050185 0.08324799999999999
1147 0.0 0.0
1148 0.112824 0.0
1149 0.057479 0.080122
1150 0.303033 0.0
1151 0.259442 0.0
1152 0.179082 0.0
1153 0.011747 0.13846599999999998
1154 0.016059 0.439025
1155 0.11849900000000001 0.158973
1156 0.037519000000000004 0.17326300000000003
1157 0.078889 0.0
1158 0.220732 0.0
1159 0.163601 0.007989
1160 0.034591 0.129352
1161 0.329762 0.0
1162 0.229918 0.176303
1163 0.014502 0.222715
1164 0.0 0.0
1165 0.211979 0.085096
1166 0.11073000000000001 0.0
1167 0.11485899999999999 0.025464
1168 0.0 0.0
1169 0.108703 0.127914
1170 0.072873 0.0
1171 0.019927 0.235688
1172 0.013616 0.128254
1173 0.0 0.267473
1174 0.262735 0.0
1175 0.024864999999999998 0.13446300000000003
1176 0.0 0.0
1177 0.165115 0.0
1178 0.113545 0.201189
1179 0.029945 0.051276
1180 0.042352 0.135355
1181 0.08283800000000001 0.142336
1182 0.01564 0.139508
1183 0.182081 0.0
1184 0.023903 0.110672
1185 0.047467999999999996 0.135329
1186 0.328533 0.158461
1187 0.082496 0.0
1188 0.0 7.0E-4
1189 0.038909 0.0
1190 0.229086 0.0
1191 0.0 0.23269600000000001
1192 0.135245 0.0
1193 0.027481 0.192141
1194 0.473746 0.0
1195 0.007207 0.276794
1196 0.076161 0.19558399999999998
1197 0.361559 0.0
1198 0.036064 0.15164
1199 0.031415 0.151713
1200 0.845544 0.0
1201 0.0 0.19954899999999998
1202 0.339952 0.0
1203 0.195757 0.0
1204 0.104577 0.0
1205 0.017573 0.157862
1206 0.884206 0.0
1207 0.078272 0.184199
1208 0.820657 0.0
1209 0.004445 0.142322
1210 0.0022819999999999997 0.08687399999999999
1211 0.053836 0.10358600000000001
1212 0.010156 0.086801
1213 0.123152 0.0
1214 0.045054 0.22049600000000003
1215 0.070116 0.0
1216 0.250593 0.0
1217 0.069996 0.0
1218 0.76521 0.0
1219 0.08344499999999999 0.152991
1220 0.261098 0.166395
1221 0.11084100000000001 0.0
1222 0.03175 0.18120999999999998
1223 0.026827 0.0
1224 0.0 0.0
1225 0.0 0.086596
1226 0.0 0.109429
1227 0.109379 0.0
1228 0.18464599999999998 0.094489
1229 0.11082800000000001 0.0
1230 0.035455 0.14599000000000004
1231 0.08511200000000001 0.0
1232 0.204906 0.054415
1233 0.0 0.0
1234 0.0 0.6029450000000001
1235 0.131684 0.003665
1236 0.040498 0.041957
1237 0.092803 0.026588
1238 0.0483 0.160595
1239 0.015047 0.0
1240 0.03565 0.0
1241 0.075637 0.0
1242 0.004118 0.033354
1243 0.0 0.025657
1244 0.112947 0.0
1245 0.184097 0.0
1246 0.10142900000000002 0.0
1247 0.015771 0.091577
1248 0.13316 0.0
1249 0.323787 0.083008
1250 0.097002 0.104956
1251 0.323962 0.0
1252 0.932686 0.0
1253 0.839997 0.0
1254 0.7562979999999999 0.0
1255 0.011789 0.12356699999999998
1256 0.046418 0.18697499999999997
1257 0.138705 0.0
1258 0.14804 0.0
1259 0.10896 0.060972
1260 0.059214 0.0
1261 0.111491 0.0
1262 0.122384 0.0
1263 0.275826 0.0
1264 0.300435 0.0
1265 0.083099 0.08077
1266 0.271022 0.0
1267 0.021658999999999998 0.12948199999999999
1268 0.242915 0.449407
1269 0.007658 0.116791
1270 0.0 0.0
1271 0.030372 0.191057
1272 0.031167 0.165176
1273 0.089862 0.0
1274 0.09079 0.10143
1275 0.058965000000000004 0.018385
1276 0.0 0.0
1277 0.13144100000000003 0.0
1278 0.0 0.0
1279 0.089569 0.0
1280 2.59E-4 0.028433
1281 0.24542699999999998 0.0
1282 0.09759000000000001 0.0
1283 0.089381 0.090276
1284 0.07199900000000001 0.0
1285 0.0 0.307029
1286 0.286546 0.0
1287 0.084907 0.009366
1288 0.030574 0.22004100000000004
1289 0.00424 0.253434
1290 0.042451 0.09040799999999999
1291 0.0 0.16917600000000002
1292 0.195458 0.0
1293 0.065892 0.065455
1294 0.0 0.0
1295 0.0 0.0
1296 0.059768 0.007852
1297 0.47522699999999996 0.0
1298 0.074539 0.0
1299 0.165084 0.119196
1300 0.157698 0.0
1301 0.744278 0.0
1302 0.043708 0.18959600000000001
1303 0.057050000000000003 0.0
1304 0.121354 0.066773
1305 0.054799 0.12211899999999999
1306 0.119816 0.0
1307 0.054886 0.087506
1308 0.0 0.0
1309 0.164536 0.0
1310 0.0 0.095813
1311 0.134592 0.087784
1312 0.024995 0.202825
1313 0.029157 0.123363
1314 0.358769 0.024123
1315 0.229128 0.0
1316 0.130126 0.0
1317 0.262717 0.0
1318 0.131069 0.019321
1319 0.056554999999999994 0.0015
1320 0.154909 0.030797
1321 0.03485 0.081046
1322 0.058467000000000005 0.0
1323 0.022238 0.14444
1324 0.073411 0.0
1325 0.0 0.0
1326 0.423773 0.0
1327 0.07987999999999999 0.084859
1328 0.262076 0.0
1329 0.043591 0.19787100000000002
1330 0.03964 0.124016
1331 0.061982999999999996 0.168967
1332 0.066086 0.0
1333 0.193056 0.047559
1334 0.054048 0.11196500000000001
1335 0.024959 0.14773199999999997
1336 0.0 0.288171
1337 0.378243 0.0
1338 0.122651 0.08432700000000001
1339 0.068111 0.120698
1340 0.085065 0.14199699999999998
1341 0.034621 0.176611
1342 0.066641 0.6150549999999999
1343 0.01043 0.16275499999999998
1344 0.035256 0.20504499999999998
1345 0.192762 0.0
1346 0.334188 0.0
1347 0.15154800000000002 0.0
1348 0.0 0.193765
1349 0.146737 0.09461900000000001
1350 0.163282 0.0
1351 0.0 0.16448500000000002
1352 0.025106999999999997 0.12579900000000002
1353 0.0 0.0
1354 0.474705 0.0
1355 0.087246 0.0704
1356 0.0 0.273495
1357 0.145004 0.0
1358 0.060598 0.071035
1359 0.036247999999999996 0.10133699999999998
1360 0.18061500000000003 0.012544
1361 0.025285000000000002 0.129067
1362 0.0 0.0
1363 0.215454 0.114218
1364 0.45870900000000003 0.0
1365 0.0 0.0
1366 0.014771 0.051087
1367 0.053771 0.11929900000000002
1368 0.216156 0.0
1369 0.19054600000000002 0.221609
1370 0.055842 0.084839
1371 0.202861 0.0
1372 0.0 0.738162
1373 0.14149000000000003 0.0
1374 0.18304700000000002 0.133446
1375 0.044402 0.13358699999999998
1376 0.043508000000000005 0.133553
1377 0.0073279999999999994 0.12164099999999999
1378 0.289042 0.049743
1379 0.186419 0.0
1380 0.014045 0.23065000000000002
1381 0.346402 0.0
1382 0.163129 0.0
1383 0.0 0.0
1384 0.254373 0.0
1385 0.0 0.077453
1386 0.0 0.0
1387 0.41062 0.0
1388 0.019425 0.115938
1389 0.0 0.122989
1390 0.010909 0.15632800000000002
1391 0.031211 0.138761
1392 0.156508 0.0
1393 0.053304 0.10956300000000001
1394 0.106114 0.0
1395 0.667666 0.0
1396 0.24134999999999998 0.0
1397 0.18037999999999998 0.176868
1398 0.024407 0.30119900000000005
1399 0.0344 0.077024
1400 0.278057 0.0
1401 0.0 0.18374000000000001
1402 0.042298 0.238081
1403 0.855835 0.0
1404 0.134846 0.0
1405 0.098827 0.295589
1406 0.07780200000000001 0.0
1407 0.08405499999999999 0.0979
1408 0.17839 0.0
1409 0.032243999999999995 0.145958
1410 0.156379 0.036938
1411 0.0 0.0
1412 0.273416 0.0
1413 0.282561 0.0
1414 0.5452899999999999 0.0
1415 0.081826 0.07557100000000001
1416 4.5E-5 0.150006
1417 0.364049 0.0
1418 0.0 0.0
1419 0.46420300000000003 0.170929
1420 0.020895 0.13785600000000003
1421 0.023108 0.0
1422 0.149269 0.0
1423 0.122393 0.0
1424 0.146107 0.0
1425 0.244121 0.165976
1426 0.21598299999999998 0.0
1427 0.056956 0.023308
1428 0.046736999999999994 0.170982
1429 0.045633 0.094377
1430 0.0 0.0
1431 0.09540399999999999 0.129033
1432 0.193367 0.0
1433 0.360158 0.0
1434 0.31177 0.202643
1435 0.088251 0.0
1436 0.156054 0.035859
1437 0.013802 0.191637
1438 0.0 0.0
1439 0.003555 0.127664
1440 0.064147 0.0
1441 0.39244900000000005 0.0
1442 0.0 0.0
1443 0.0 0.416972
1444 0.250953 0.066341
1445 0.0 0.0
1446 0.104803 0.146491
1447 0.03006 0.17674700000000002
1448 0.215305 0.0
1449 0.028769 0.137494
1450 0.221936 0.153891
1451 0.07308200000000001 0.0
1452 0.25990800000000003 0.099343
1453 0.174854 0.029008
1454 0.22631300000000004 0.0
1455 0.0 0.0
1456 0.00875 0.198518
1457 0.079023 0.180728
1458 0.047279 0.182653
1459 0.13362199999999996 0.0
1460 0.040527 0.162785
1461 0.42177299999999995 0.0
1462 0.211787 0.0
1463 0.187617 0.0
1464 5.97E-4 0.095567
1465 0.0 0.7058760000000002
1466 0.0 0.0
1467 0.0 0.042067999999999994
1468 0.18886999999999998 0.0
1469 0.051281 0.0
1470 0.04011 0.136378
1471 0.035013 0.17622699999999997
1472 0.133711 0.111005
1473 0.181431 0.102345
1474 0.521882 0.0
1475 0.128811 0.0
1476 0.600992 0.303838
1477 0.6983929999999999 0.0
1478 0.0 0.449125
1479 0.083675 0.0
1480 0.029813 0.258011
1481 0.360234 0.0
1482 0.0 0.11638699999999999
1483 0.038574 0.193988
1484 0.0 0.219349
1485 0.025338 0.161412
1486 0.904997 0.0
1487 0.068129 0.12492700000000001
1488 0.022638 0.12513699999999997
1489 0.065779 0.0
1490 0.0 0.320028
1491 0.023585000000000002 0.069218
1492 0.172132 0.0
1493 0.184423 0.0
1494 0.109657 0.0
1495 0.116291 0.0
1496 0.153835 0.00652
1497 0.018951 0.30101599999999995
1498 0.613563 0.0
1499 0.175235 0.0
1500 0.107927 0.0
1501 0.0 0.273357
1502 0.100954 0.0
1503 0.075809 0.0
1504 0.046248 0.014594
1505 0.205563 0.119614
1506 0.29822499999999996 0.0
1507 0.11743400000000001 0.0
1508 0.203994 0.0
1509 0.027441 0.128499
1510 0.0 0.0
1511 0.097999 0.0
1512 0.0 0.085362
1513 0.115481 0.188934
1514 0.116421 0.089793
1515 0.20436600000000002 0.0
1516 0.036355 0.111316
1517 0.0 0.358356
1518 0.25582499999999997 0.0
1519 0.019088 0.0
1520 0.092914 0.123803
1521 0.0 0.0
1522 0.0091 0.014346999999999999
1523 0.09140300000000001 0.123508
1524 0.0 0.023384
1525 0.11358 0.027138
1526 0.051965 0.102424
1527 0.0 0.314812
1528 0.0 0.14150400000000002
1529 0.088389 0.0
1530 0.008199 0.13206900000000002
1531 0.024941 0.23188599999999998
1532 0.088566 0.25937600000000005
1533 0.41620100000000004 0.058261
1534 0.21893200000000002 0.18298299999999998
1535 0.124469 0.18895900000000002
1536 0.144577 0.109691
1537 0.594128 0.0
1538 0.015445 0.144022
1539 0.077323 0.187022
1540 0.086232 0.034353
1541 0.02018 0.0
1542 0.0 0.24733899999999998
1543 0.054287 0.062497
1544 0.347688 0.0
1545 0.22456700000000002 0.135354
1546 0.618878 0.0
1547 0.03034 0.226397
1548 0.27276500000000004 0.067672
1549 0.20007599999999998 0.080402
1550 0.117217 0.0
1551 0.058714 0.140633
1552 0.428129 0.0
1553 0.153094 0.013123
1554 0.012965999999999998 0.145816
1555 0.143954 0.024438
1556 0.0 0.419905
1557 0.04554 0.077665
1558 0.041134 0.0
1559 0.041721999999999995 0.115453
1560 0.624376 0.0
1561 0.072864 0.0
1562 0.39027 0.0
1563 0.017695 0.053801
1564 0.7404810000000001 0.0
1565 0.119009 0.034141000000000005
1566 0.10306 0.5383399999999999
1567 0.089446 0.0
1568 0.144812 0.0
1569 0.10741200000000001 0.0
1570 0.034575 0.139527
1571 0.0 0.16885799999999998
1572 0.018412 0.068548
1573 0.104793 0.0
1574 0.175747 0.090478
1575 0.0 0.0
1576 0.058622999999999995 0.0
1577 0.010095 0.5197369999999999
1578 0.214379 0.0
1579 0.0 0.0
1580 0.059581999999999996 0.202207
1581 0.0 0.0
1582 0.085907 0.0
1583 0.141535 0.0
1584 0.04249 0.134684
1585 0.290111 0.0
1586 0.0 0.0
1587 0.099971 0.0
1588 0.14069399999999999 0.0
1589 0.009841 0.13740200000000002
1590 0.0 0.047744
1591 0.06850400000000001 0.0
1592 0.145223 0.0
1593 0.447701 0.0
1594 0.23864799999999997 0.0
1595 0.080143 0.0
1596 0.276989 0.0
1597 0.001283 0.09883499999999999
1598 0.06342 0.274651
1599 0.0 0.113597
1600 0.059417 0.084963
1601 0.239323 0.0
1602 0.360377 0.0
1603 0.032602 0.145156
1604 0.090639 0.159089
1605 0.07625799999999999 0.09640299999999999
1606 0.20925299999999997 0.036748
1607 0.960418 0.0
1608 0.010042 0.108549
1609 0.0 0.125637
1610 0.02352 0.148042
1611 0.10262200000000002 0.0
1612 0.08291899999999999 0.11146400000000002
1613 0.010248 0.07297400000000001
1614 0.0 0.131219
1615 0.0 0.0
1616 0.10669100000000001 0.133211
1617 0.073958 0.17322700000000002
1618 0.0 0.09726
1619 0.034865 0.17125400000000002
1620 0.031023000000000002 0.076012
1621 0.036341 0.126864
1622 0.035912 0.144644
1623 0.036498 0.078944
1624 0.109351 0.059314
1625 0.405407 0.101617
1626 0.24455299999999996 0.102775
1627 0.621297 0.0
1628 0.14009 0.0
1629 0.29488099999999995 0.111144
1630 0.147828 0.0
1631 0.364214 0.489845
1632 0.0 0.006656
1633 0.191907 0.197739
1634 0.0 0.188674
1635 0.032571 0.0
1636 0.160966 0.0
1637 0.022893 0.188932
1638 0.092049 0.0
1639 0.029488 0.136317
1640 0.507259 0.0
1641 0.355292 0.0
1642 0.21304 0.10013
1643 0.031929 0.157109
1644 0.039534 0.0
1645 0.26698500000000003 0.065136
1646 0.1405 0.149363
1647 0.149934 0.0
1648 0.249527 0.013411
1649 0.18274100000000001 0.0
1650 0.0 0.0
1651 0.396729 0.0
1652 0.0 0.097471
1653 0.075604 0.0
1654 0.156341 0.0
1655 0.23165599999999997 0.0
1656 0.351202 0.0
1657 0.690513 0.0
1658 0.16111799999999998 0.0
1659 0.0 0.026714
1660 0.0 0.0
1661 0.177531 0.0
1662 0.029868 0.107993
1663 0.033718 0.130533
1664 0.537053 0.0
1665 0.019932 0.27491600000000005
1666 0.39818500000000007 0.0
1667 0.114592 0.082264
1668 0.042921 0.054453999999999995
1669 0.0 0.034012
1670 0.198848 0.0
1671 0.172447 0.175477
1672 0.143234 0.0
1673 0.039376 0.112242
1674 0.07952100000000001 0.09732
1675 0.064974 0.10854400000000002
1676 0.223725 0.0
1677 0.050389 0.106627
1678 0.328814 0.069332
1679 0.255042 0.0
1680 0.167592 0.028462
1681 0.110423 0.17610900000000002
1682 0.136345 0.0
1683 0.07401999999999999 0.12551
1684 0.001484 0.0
1685 0.019764 0.134319
1686 0.0 0.048537
1687 0.0 0.063374
1688 0.011443 0.040368
1689 0.074253 0.080054
1690 0.0 0.0
1691 0.167439 0.0
1692 0.053042 0.080661
1693 0.0 0.0
1694 0.081748 0.118816
1695 0.218106 0.0
1696 0.0 0.0
1697 0.0 0.147348
1698 0.0 0.0
1699 0.070443 0.068706
1700 0.723675 0.0
1701 0.104777 0.0
1702 0.31917700000000004 0.226122
1703 0.043085 0.054486
1704 0.22744599999999998 0.0
1705 0.246179 0.051177
1706 0.104238 0.0
1707 0.031451 0.19725700000000004
1708 0.0 0.0
1709 0.038116 0.105739
1710 0.0 0.0
1711 0.0 0.0
1712 0.05556899999999999 0.23420800000000003
1713 0.058116 0.0
1714 0.016505 0.195397
1715 0.246938 0.0
1716 0.16381 0.0
1717 0.001284 0.14042700000000002
1718 0.0 0.066732
1719 0.10142 0.0
1720 0.264881 0.0
1721 0.0 0.183478
1722 0.067982 0.18257400000000001
1723 0.0 0.09094200000000001
1724 0.0 0.025006
1725 0.07975 0.0
1726 0.213681 0.0
1727 0.07379 0.0
1728 0.012077 0.0
1729 0.142218 0.0
1730 0.012444 0.18453399999999998
1731 0.0 0.0
1732 0.123559 0.0
1733 0.134928 0.0
1734 0.214434 0.138028
1735 0.006963 0.16119399999999998
1736 0.0 0.150271
1737 0.065643 0.13001800000000002
1738 0.139482 0.0
1739 0.0 0.0
1740 0.03339 0.047857
1741 0.04759 0.15639299999999998
1742 0.172723 0.0
1743 0.059796 0.369654
1744 0.078958 0.074407
1745 0.0 0.0
1746 0.057590999999999996 0.13411399999999998
1747 0.18866 0.0
1748 0.204695 0.070772
1749 0.271595 0.0
1750 0.0 0.043732
1751 0.19581300000000001 0.0
1752 0.028846 0.156077
1753 0.13444099999999998 0.09931
1754 0.0 0.18725
1755 0.0 0.0
1756 0.0 0.339689
1757 0.034807000000000005 0.194258
1758 0.18462800000000001 0.0
1759 0.797769 0.0
1760 0.117985 0.0
1761 0.08590400000000001 0.112616
1762 0.0 0.0
1763 0.094311 0.162874
1764 0.0 0.0
1765 0.090925 0.130947
1766 0.260131 0.070974
1767 0.314128 0.06792500000000001
1768 0.047751 0.16743600000000003
1769 0.095519 0.33043199999999995
1770 0.005162 0.0
1771 0.0 0.0
1772 0.063755 0.180639
1773 0.0264 0.0
1774 0.0 0.072761
1775 0.288851 0.0
1776 0.745241 0.0
1777 0.0 0.0
1778 0.062725 0.008913
1779 0.213919 0.0
1780 0.147618 0.23498
1781 0.109883 0.135264
1782 0.01772 0.08930199999999999
1783 0.0 0.0
1784 0.448326 0.0
1785 0.128213 0.0
1786 0.186183 0.0
1787 0.0772 0.0
1788 0.81156 0.0
1789 0.0 0.018884
1790 0.37884 0.0
1791 0.0 0.175174
1792 0.311712 0.0
1793 0.044577000000000006 0.14858
1794 0.10475699999999999 0.092152
1795 0.010742 0.13333599999999998
1796 0.035846 0.071548
1797 0.474221 0.0
1798 0.07697699999999999 0.084247
1799 0.042657 0.16771999999999998
1800 0.024404 0.09455699999999999
1801 0.178131 0.179974
1802 0.0 0.0
1803 0.064044 0.0
1804 0.028692 0.13407300000000003
1805 0.099365 0.114279
1806 0.117296 0.123885
1807 0.027953 0.043904
1808 0.351124 0.0
1809 0.058176 0.20827999999999997
1810 0.08721000000000001 0.15693
1811 0.0 0.041633
1812 0.17937799999999998 0.0
1813 0.011925 0.11968899999999999
1814 0.0 0.0
1815 0.0 0.0
1816 0.040715 0.0
1817 0.023467 0.0
1818 0.124145 0.0
1819 0.074684 0.092974
1820 0.101618 0.0
1821 0.0 0.188636
1822 0.9064930000000001 0.0
1823 0.060281 0.17075800000000002
1824 0.051467 0.0
1825 0.224758 0.0
1826 0.041854 0.0
1827 0.068785 0.13591799999999998
1828 0.079589 0.0
1829 0.159408 0.276692
1830 0.0 0.0
1831 0.00767 0.313911
1832 0.0 0.294107
1833 0.028139 0.11866099999999999
1834 0.0 0.0
1835 0.033268 0.18858300000000003
1836 0.0 0.11939999999999999
1837 0.219804 0.0
1838 0.399779 0.0
1839 0.017398 0.066802
1840 0.605826 0.0
1841 0.388736 0.0
1842 0.07767399999999999 0.164813
1843 0.093144 0.0
1844 0.0 0.040828
1845 0.026772 0.067373
1846 0.116724 0.28108900000000003
1847 0.207729 0.086385
1848 0.22979899999999998 0.0
1849 0.032438 0.153955
1850 0.068655 0.0
1851 0.088398 0.18866499999999997
1852 0.0 0.132093
1853 0.0 0.0
1854 0.735963 0.0
1855 0.0 0.0
1856 0.325465 0.0
1857 0.040154 0.0
1858 0.205761 0.0
1859 0.272264 0.0
1860 0.264284 0.0
1861 0.017392 0.099242
1862 0.14099899999999999 0.0
1863 0.158615 0.398696
1864 0.006389 0.258751
1865 0.558675 0.0
1866 0.227244 0.0
1867 0.0 0.09393599999999999
1868 0.058951 0.08138100000000001
1869 0.170445 0.0
1870 0.252153 0.0
1871 0.286156 0.0
1872 0.231576 0.0
1873 0.0 0.0
1874 0.0 0.698198
1875 0.077918 0.0
1876 0.020619 0.045108
1877 0.0 0.17876000000000003
1878 0.240694 0.030163
1879 0.0 0.228231
1880 0.076566 0.002769
1881 0.18940800000000002 0.070581
1882 0.265908 0.0
1883 0.38152 0.538833
1884 0.087624 0.0
1885 0.094938 0.0
1886 0.08765400000000001 0.262372
1887 0.338717 0.0
1888 0.021768000000000003 0.11198000000000001
1889 0.800872 0.0
1890 0.0 0.0
1891 0.052433 0.057572
1892 0.32698 0.0
1893 0.071909 0.0
1894 0.08036199999999999 0.0
1895 0.27030000000000004 0.0
1896 0.314102 0.0
1897 0.050058 0.030666
1898 0.0 0.07896500000000001
1899 0.07697 0.0
1900 0.102704 0.306784
1901 0.0 0.42797599999999997
1902 0.0 0.105301
1903 0.262084 0.0
1904 0.0 0.080262
1905 0.8136129999999999 0.0
1906 0.139661 0.0
1907 0.153582 0.0
1908 0.547429 0.0
1909 0.092332 0.055779
1910 0.0 0.134918
1911 0.22838 0.135888
1912 0.0 0.06364600000000001
1913 0.0 0.5452159999999999
1914 0.0 0.611898
1915 0.0 0.8921939999999999
1916 0.0 0.241195
1917 0.008705 0.5048160000000003
1918 0.0 0.4732390000000001
1919 0.0 0.568166
1920 0.0 0.627377
1921 0.0 0.7329439999999998
1922 0.0 0.8301390000000001
1923 0.0 0.17121
1924 0.32964 0.573491
1925 6.07E-4 0.5428709999999998
1926 0.0 0.7487379999999999
1927 0.0 0.6484190000000001
1928 0.0 0.20530900000000002
1929 0.0 0.039519
1930 0.0 0.697018
1931 0.0 0.33328299999999994
1932 0.0 0.8529179999999998
1933 0.0 0.552397
1934 0.0 0.8943169999999999
1935 0.0 0.37137700000000007
1936 0.084821 0.302723
1937 0.0 0.9014880000000001
1938 0.0 0.331342
1939 0.0 0.054274
1940 0.0 0.6399759999999999
1941 0.0 0.055006000000000006
1942 0.04203 0.30572000000000005
1943 0.009755 0.027152000000000003
1944 0.0 0.751201
1945 0.0 0.5090749999999999
1946 0.008671 0.167109
1947 0.0 0.6584369999999999
1948 0.0 0.454802
1949 0.0 0.406981
1950 0.0 0.137636
1951 0.0 0.31770499999999996
1952 0.0 0.432466
1953 0.0 0.11092
1954 0.0 0.40480400000000005
1955 0.0 0.855464
1956 0.0 0.234069
1957 0.0 0.755624
1958 0.0 0.516665
1959 0.0 0.445663
1960 0.0 0.46950000000000003
1961 0.0 0.385643
1962 0.012528 0.315994
1963 0.0 0.47436300000000003
1964 0.0 0.292217
1965 0.0 0.7989010000000001
1966 0.012237 0.4366940000000001
1967 0.0 0.0
1968 0.0 0.324867
1969 0.0 0.619715
1970 0.0 0.38428199999999996
1971 0.001022 0.446608
1972 0.0 0.5589890000000001
1973 0.0 0.20522599999999996
1974 0.0 0.160898
1975 0.0 0.887213
1976 0.0 0.7390540000000001
1977 0.0 0.718816
1978 0.0 0.661798
1979 0.011354 0.069579
1980 0.0 0.646272
1981 0.0 0.705668
1982 0.0 0.7168829999999999
1983 0.014462 0.447176
1984 0.0 0.18213700000000002
1985 0.011963 0.48145400000000005
1986 0.016742 0.40121400000000007
1987 0.0 0.44246599999999997
1988 0.0 0.334561
1989 0.004182 0.47108099999999997
1990 0.0 0.278883
1991 0.0 0.6134109999999999
1992 0.107041 0.42535799999999996
1993 0.0 0.268508
1994 0.0 0.6072389999999999
1995 0.0 0.555927
1996 0.0 0.33945099999999995
1997 0.019088 0.508029
1998 0.0 0.549822
1999 0.0 0.570865
2000 0.0 0.293236
2001 0.0 0.312173
2002 0.0 0.039125
2003 0.0 0.6493220000000001
2004 0.0 0.09199
2005 0.001854 0.2855710000000001
2006 0.0 0.5782939999999999
2007 0.0 0.202491
2008 0.0 0.901162
2009 0.0 0.339438
2010 0.0 0.632017
2011 0.0 0.275843
2012 0.0 0.684778
2013 0.0 0.154912
2014 0.0 0.754581
2015 0.0 0.58317
2016 0.0 0.663675
2017 0.0 0.729692
2018 0.0 0.236407
2019 0.131988 0.271773
2020 0.015863 0.49174899999999994
2021 0.0 0.513496
2022 0.0 0.5149119999999999
2023 0.0 0.7672770000000001
2024 0.0 0.43465300000000007
2025 0.0 0.57343
2026 0.0 0.8054669999999999
2027 0.0 0.5792249999999999
2028 0.0 0.836821
2029 0.0 0.282965
2030 0.0 0.141919
2031 0.0 0.40252899999999997
2032 0.0 0.5504999999999999
2033 0.0 0.5752849999999999
2034 0.258863 0.0
2035 0.0 0.8804069999999999
2036 0.0 0.382788
2037 0.0 0.0
2038 0.0 0.8260400000000001
2039 0.0 0.6158769999999999
2040 0.0 0.5501009999999998
2041 0.0 0.707813
2042 0.0 0.46224099999999996
2043 0.014149 0.4741640000000001
2044 0.0 0.333886
2045 0.0 0.5661630000000001
2046 0.008179 0.5629649999999999
2047 0.009588 0.362227
2048 0.0 0.6966
2049 0.004114 0.328146
2050 0.0 0.570361
2051 0.0 0.9018170000000001
2052 0.0 0.7497669999999999
2053 0.0 0.7079640000000001
2054 0.0 0.8022700000000001
2055 0.0 0.549283
2056 0.00571 0.477587
2057 0.0 0.326672
2058 0.0 0.5375420000000001
2059 0.0 0.48670500000000005
2060 0.003057 0.524882
2061 0.0 0.518587
2062 0.0 0.166084
2063 0.0 0.6149359999999998
2064 0.0 0.07624299999999999
2065 0.0 0.32010099999999997
2066 0.0 0.592722
2067 0.03888 0.384871
2068 0.0 0.631868
2069 0.0 0.4263220000000001
2070 0.205844 0.430863
2071 0.0 0.26524999999999993
2072 0.0 0.41144399999999987
2073 0.0 0.051626
2074 0.0 0.25132800000000005
2075 0.0 0.298999
2076 0.0 0.837185
2077 0.0 0.49677399999999994
2078 0.0 0.46898599999999974
2079 0.0 0.0
2080 0.234326 0.40396
2081 0.0 0.204291
2082 0.055254 0.526018
2083 0.0 0.5084139999999999
2084 0.0 0.4222540000000001
2085 0.0 0.06931999999999999
2086 0.014771 0.6022799999999998
2087 0.0 0.47176300000000004
2088 0.003266 0.48091100000000003
2089 0.0 0.234049
2090 0.0 0.48389200000000004
2091 0.0 0.7006430000000001
2092 0.0 0.279655
2093 0.0 0.35494200000000004
2094 0.8685689999999999 0.0
2095 0.0 0.560992
2096 0.0 0.863121
2097 0.0 0.6808879999999999
2098 0.0 0.035094
2099 0.0 0.399769
2100 0.0 0.890197
2101 0.0 0.6911179999999999
2102 0.0 0.09338099999999999
2103 0.0 0.04664
2104 0.009223 0.43259400000000003
2105 0.204178 0.608209
2106 0.37793 0.0
2107 0.011758 0.8749359999999998
2108 0.001506 0.47842000000000007
2109 0.0 0.5212349999999998
2110 0.0 0.7757620000000001
2111 0.0 0.034832
2112 0.0 0.5520190000000001
2113 0.0 0.483355
2114 0.0 0.902825
2115 0.016084 0.15710100000000002
2116 0.0 0.065095
2117 0.0 0.034194999999999996
2118 0.0 0.17374100000000003
2119 0.026632 0.8445580000000001
2120 0.0 0.687328
2121 0.014779 0.45320999999999995
2122 0.0 0.44758700000000007
2123 0.0 0.23773500000000003
2124 0.0 0.202348
2125 0.0 0.519625
2126 0.017076 0.48747
2127 0.0 0.56718
2128 0.0 0.214918
2129 0.006454 0.565084
2130 0.0 0.240081
2131 0.012732 0.48053900000000005
2132 0.0 0.146488
2133 0.0 0.21089200000000002
2134 0.0 0.28860600000000003
2135 0.0 0.6976200000000001
2136 0.0 0.586265
2137 0.0 0.843285
2138 0.0 0.15918800000000002
2139 0.0 0.5150959999999999
2140 0.0 0.523391
2141 0.0 0.459538
2142 0.0 0.44616999999999996
2143 0.0 0.7986500000000002
2144 0.0 0.37238899999999997
2145 0.0 0.084986
2146 0.088871 0.60252
2147 0.0 0.270757
2148 0.0 0.88754
2149 0.0 0.07433999999999999
2150 0.0 0.5237730000000002
2151 0.0 0.5391900000000001
2152 0.0 0.109351
2153 0.0 0.7611549999999999
2154 0.0 0.164652
2155 0.0 0.49265300000000006
2156 0.004726 0.56409
2157 0.0 0.36889
2158 0.0 0.29513
2159 0.0 0.7491540000000001
2160 0.0 0.47364999999999996
2161 0.0 0.28855800000000004
2162 0.0 0.120567
2163 0.0 0.7286950000000001
2164 0.011192 0.45309200000000005
2165 0.015932 0.23115
2166 0.0 0.806714
2167 0.873389 0.062881
2168 0.0 0.0
2169 0.0 0.6977800000000002
2170 0.132157 0.192674
2171 0.0 0.5402180000000001
2172 0.010354 0.568917
2173 0.0 0.680934
2174 0.0 0.5972860000000001
2175 0.0 0.546799
2176 0.0 0.4501379999999999
2177 0.0 0.716612
2178 0.0 0.399522
2179 0.027448 0.516076
2180 0.0 0.609603
2181 0.0 0.292444
2182 0.0 0.466934
2183 0.0 0.173786
2184 0.007894 0.5009760000000001
2185 0.0 0.5058
2186 0.0 0.54744
2187 0.0 0.15746000000000002
2188 0.0 0.439842
2189 0.0 0.3529189999999999
2190 0.0 0.08147800000000001
2191 0.0 0.45781
2192 0.0 0.412113
2193 0.0 0.256591
2194 0.0 0.342193
2195 0.0 0.843047
2196 0.0 0.6299860000000002
2197 0.0 0.09518599999999999
2198 0.0 0.8281330000000001
2199 0.0 0.35256100000000007
2200 0.019329 0.292098
2201 0.0 0.5432759999999999
2202 0.0 0.10591199999999999
2203 0.0 0.21190599999999998
2204 0.765972 0.0
2205 0.0 0.831798
2206 0.00419 0.48817099999999997
2207 0.0 0.47823000000000004
2208 0.0 0.407918
2209 0.0 0.8464029999999999
2210 0.0 0.091351
2211 0.0 0.689686
2212 0.0 0.131635
2213 0.0 0.564077
2214 0.0 0.6290459999999999
2215 0.0 0.699949
2216 0.0 0.32275299999999996
2217 0.0 0.151017
2218 0.0 0.295317
2219 0.0 0.71359
2220 0.003793 0.4120120000000001
2221 0.0 0.678906
2222 0.0 0.15247100000000002
2223 0.0 0.09993900000000001
2224 0.0 0.669038
2225 0.0 0.7483130000000002
2226 0.0 0.6869270000000001
2227 0.0 0.8226600000000001
2228 0.088581 0.7250909999999998
2229 0.003686 0.070678
2230 0.0 0.36682
2231 0.0 0.33612200000000003
2232 0.0 0.689335
2233 0.0 0.5283709999999999
2234 0.0 0.539611
2235 0.0 0.22068499999999996
2236 0.0 0.096651
2237 0.0 0.5238389999999999
2238 0.0 0.325337
2239 0.0 0.48403399999999996
2240 0.003561 0.20878100000000002
2241 0.0 0.652394
2242 0.0 0.8051349999999999
2243 0.0 0.345892
2244 0.0 0.512034
2245 0.40704 0.184192
2246 0.0 0.8118309999999999
2247 0.0 0.24647299999999997
2248 0.0 0.44559499999999996
2249 0.0 0.727449
2250 0.0 0.145853
2251 0.0 0.571045
2252 0.0 0.39937900000000004
2253 0.0 0.47938900000000007
2254 0.0 0.049437
2255 0.261922 0.613226
2256 0.0 0.718086
2257 0.0 0.42659
2258 0.061077 0.27416000000000007
2259 0.0 0.280775
2260 0.0 0.25364200000000003
2261 0.0 0.40163200000000004
2262 0.0 0.508673
2263 0.0 0.287778
2264 0.0 0.219873
2265 0.0 0.860281
2266 0.0 0.040027
2267 0.0 0.6033810000000001
2268 0.0 0.5173409999999999
2269 0.0 0.0
2270 0.0 0.359924
2271 0.0 0.08707200000000001
2272 0.0 0.319994
2273 0.0 0.5649310000000001
2274 0.0 0.7969089999999999
2275 0.0 0.453818
2276 0.0 0.39903599999999995
2277 0.0 0.890836
2278 0.017081 0.47081700000000015
2279 0.0 0.7249690000000002
2280 0.0 0.16547
2281 0.683858 0.0
2282 0.0 0.340126
2283 0.0 0.731862
2284 0.0 0.689005
2285 0.0 0.785682
2286 0.0 0.75805
2287 0.0 0.272773
2288 0.0 0.361676
2289 0.0 0.49136099999999994
2290 0.0 0.3377780000000001
2291 0.0 0.44840399999999997
2292 0.0 0.193598
2293 0.0 0.829308
2294 0.0 0.40973699999999996
2295 0.0 0.516904
2296 0.0 0.5632349999999999
2297 0.0 0.663615
2298 0.0 0.417551
2299 0.0 0.11112400000000003
2300 0.0 0.16985399999999998
2301 0.0 0.185136
2302 0.0 0.7710199999999999
2303 0.0 0.5294989999999999
2304 0.0 0.64979
2305 0.0 0.229587
2306 0.0 0.5043639999999999
2307 0.0 0.43315899999999985
2308 0.001476 0.305167
2309 0.002279 0.47098299999999993
2310 0.0 0.341289
2311 0.0 0.31329
2312 0.0 0.43903000000000003
2313 0.0 0.4264769999999999
2314 0.0 0.8982330000000001
2315 0.0 0.565196
2316 0.0 0.716002
2317 0.0 0.613171
2318 0.0 0.5908880000000001
2319 0.0 0.107071
2320 0.106069 0.375694
2321 0.410834 0.470135
2322 0.0 0.23025
2323 0.0 0.34737399999999996
2324 9.78E-4 0.24777900000000003
2325 0.0 0.629865
2326 0.0 0.10466
2327 0.0 0.448291
2328 0.0 0.428755
2329 0.0 0.4703259999999998
2330 0.0 0.300258
2331 0.0 0.304371
2332 0.0 0.14041199999999998
2333 0.0 0.623151
2334 0.0 0.134775
2335 0.009782 0.722646
2336 0.0 0.6903039999999999
2337 0.0 0.39331800000000006
2338 0.0 0.8879009999999999
2339 0.0 0.36642499999999995
2340 0.007694 0.17309100000000002
2341 0.0 0.320211
2342 0.0 0.610621
2343 0.0 0.35298500000000005
2344 0.0 0.328253
2345 0.0 0.416201
2346 0.0 0.320957
2347 0.0 0.24877800000000008
2348 0.0 0.510672
2349 0.0 0.338142
2350 0.0 0.39575000000000005
2351 0.0 0.824557
2352 0.0 0.4623879999999999
2353 0.0 0.4078630000000001
2354 0.027461 0.39782999999999996
2355 0.0 0.8513189999999999
2356 0.0 0.46100200000000013
2357 0.0 0.7901919999999999
2358 0.0 0.568697
2359 0.0 0.175171
2360 0.0 0.47464599999999996
2361 0.0 0.069025
2362 0.0 0.68677
2363 0.0 0.45702900000000013
2364 0.0 0.254828
2365 0.0 0.23067400000000002
2366 0.0 0.12475
2367 0.0 0.32378700000000005
2368 0.0 0.7327639999999999
2369 0.004639 0.44274299999999994
2370 9.95E-4 0.493599
2371 0.0 0.527899
2372 0.0 0.5623079999999999
2373 0.0 0.624988
2374 0.0 0.469814
2375 0.0 0.532626
2376 0.0 0.4153629999999999
2377 0.0 0.759921
2378 0.0 0.685168
2379 0.0 0.177561
2380 0.0 0.801978
2381 0.0 0.5039980000000001
2382 0.0 0.0
2383 0.0 0.26946000000000003
2384 0.0 0.535747
2385 0.0 0.45770299999999997
2386 0.0 0.297022
2387 0.045392 0.487101
2388 0.0 0.0
2389 0.0 0.795471
2390 0.0 0.7969839999999999
2391 0.0 0.47975699999999993
2392 0.0 0.182402
2393 0.104314 0.5799399999999999
2394 0.0 0.8325509999999999
2395 0.002029 0.356719
2396 0.0 0.299361
2397 0.0 0.8033220000000001
2398 0.0 0.5941310000000002
2399 0.0 0.885908
2400 0.0 0.147361
2401 0.0 0.655504
2402 0.0 0.7853829999999999
2403 0.0 0.75847
2404 0.0 0.47076099999999993
2405 0.0 0.14224599999999998
2406 0.0 0.84507
2407 0.0 0.5552799999999999
2408 0.0 0.4609289999999999
2409 0.0 0.5482310000000001
2410 0.0 0.50678
2411 0.0 0.526114
2412 0.102905 0.250841
2413 0.0 0.354343
2414 0.0 0.162783
2415 0.0 0.214154
2416 0.0 0.688401
2417 0.0 0.022322
2418 0.0 0.45966700000000005
2419 0.0 0.418079
2420 0.0 0.8022920000000002
2421 0.35476599999999997 0.0
2422 0.0 0.165992
2423 0.0 0.48230100000000004
2424 0.0 0.129334
2425 0.0 0.775114
2426 0.0 0.137116
2427 0.0 0.38187
2428 0.010716 0.5275799999999999
2429 0.0 0.58309
2430 0.0 0.32478700000000005
2431 0.0 0.052405
2432 0.0 0.801375
2433 0.0 0.47222899999999995
2434 0.0 0.098989
2435 0.0 0.831841
2436 0.0 0.19136999999999998
2437 0.0 0.0
2438 0.0 0.7257359999999999
2439 0.0 0.421968
2440 0.0 0.8098339999999999
2441 0.0 0.798835
2442 0.077448 0.869691
2443 0.0 0.5632240000000001
2444 0.10591 0.713388
2445 0.0 0.6843839999999999
2446 0.0 0.5183030000000001
2447 0.0 0.662312
2448 0.0 0.83288
2449 0.0 0.692184
2450 0.0 0.298907
2451 0.0 0.6682220000000001
2452 0.0 0.540637
2453 0.0 0.8591920000000001
2454 0.0 0.468719
2455 0.0 0.281791
2456 0.0 0.127031
2457 0.0 0.490926
2458 0.0 0.6336690000000001
2459 0.0 0.685549
2460 0.0 0.47994500000000007
2461 0.0 0.23098100000000005
2462 0.03146 0.678093
2463 0.0 0.3962129999999999
2464 0.003502 0.21948
2465 0.0 0.08057399999999999
2466 0.005584 0.627491
2467 0.0 0.289556
2468 0.0 0.246911
2469 0.0 0.36484799999999995
2470 0.0 0.0
2471 0.0 0.41197300000000003
2472 0.0 0.503418
2473 0.0 0.40978100000000006
2474 0.11404 0.20445000000000002
2475 0.0 0.255743
2476 0.0 0.330447
2477 0.0 0.43305399999999994
2478 0.0 0.31041
2479 0.0 0.535668
2480 0.0 0.7068720000000001
2481 0.104718 0.0
2482 0.0 0.187656
2483 0.0 0.0
2484 0.0 0.49404599999999993
2485 0.0 0.463277
2486 0.093021 0.3928
2487 0.0 0.220034
2488 0.0 0.0
2489 0.0 0.256829
2490 0.0 0.493032
2491 0.0 0.15262599999999998
2492 0.0 0.25536299999999995
2493 0.0 0.164711
2494 0.0 0.252589
2495 0.0 0.222505
2496 0.0 0.181525
2497 0.0 0.40810900000000006
2498 0.0 0.509286
2499 0.0 0.278585
2500 0.0 0.129538
2501 0.0 0.084398
2502 0.0 0.9244720000000002
2503 0.0 0.651688
2504 0.0 0.19152899999999998
2505 0.0 0.916423
2506 0.0 0.633455
2507 0.0 0.30302400000000007
2508 0.0 0.360985
2509 0.0 0.079209
2510 0.0 0.41736199999999996
2511 0.0 0.030274
2512 0.0 0.6883250000000001
2513 0.0 0.223392
2514 0.0 0.62459
2515 0.0 0.24828299999999998
2516 0.0 0.7648649999999999
2517 0.0 0.013959
2518 0.0 0.7208929999999999
2519 0.0 0.8873230000000002
2520 0.0 0.08589300000000001
2521 0.0 0.478473
2522 0.0 0.6705990000000001
2523 0.0 0.8062560000000001
2524 0.0 0.873737
2525 0.0 0.37662199999999996
2526 0.026156 0.15686
2527 0.6733880000000001 0.0
2528 0.0 0.420106
2529 0.0 0.4113740000000001
2530 0.0 0.7171919999999999
2531 0.0 0.7516020000000001
2532 0.0 0.27552499999999996
2533 0.0 0.5005590000000001
2534 0.0 0.8740570000000001
2535 0.8230540000000001 0.058135
2536 0.067918 0.550448
2537 0.0 0.8530799999999998
2538 0.0 0.517375
2539 0.0 0.226198
2540 0.0 0.652396
2541 0.0 0.104288
2542 0.006177 0.4982579999999999
2543 0.01127 0.47279999999999994
2544 0.0 0.78287
2545 0.0 0.505239
2546 0.0 0.38097400000000003
2547 0.0 0.287641
2548 0.0 0.0
2549 0.0 0.42538099999999995
2550 0.0 0.270051
2551 0.0 0.501937
2552 0.0 0.46039199999999997
2553 0.007384 0.5880299999999999
2554 0.0 0.37660899999999997
2555 0.0 0.21384900000000004
2556 0.0 0.05867800000000001
2557 0.0 0.194394
2558 0.0 0.175458
2559 0.0 0.027434
2560 0.0 0.5368800000000001
2561 0.0 0.40232899999999994
2562 0.0 0.657825
2563 0.0 0.167989
2564 0.026604 0.261213
2565 0.0 0.992106
2566 0.0 0.652768
2567 0.0 0.326918
2568 0.0 0.034826
2569 0.0 0.16115
2570 0.135573 0.075497
2571 0.0 0.873959
2572 0.0 0.808036
2573 0.0 0.39608100000000007
2574 0.0 0.164705
2575 0.0 0.01521
2576 0.0 0.6594310000000001
2577 0.098408 0.764267
2578 0.021368 0.5785359999999999
2579 0.0 0.563131
2580 0.0 0.227468
2581 0.0 0.6640750000000001
2582 0.0 0.759154
2583 0.0 0.632354
2584 0.0 0.0
2585 0.0 0.084996
2586 0.012777 0.074055
2587 0.34155 0.453372
2588 0.0 0.540348
2589 0.0 0.645297
2590 0.0 0.366183
2591 0.0 0.304029
2592 0.0 0.607348
2593 0.019647 0.4862130000000001
2594 0.0 0.19129599999999997
2595 0.877025 0.0
2596 0.0 0.0
2597 0.0 0.792183
2598 0.0 0.161088
2599 0.0 0.7428429999999999
2600 0.0 0.06520400000000001
2601 0.0 0.335957
2602 0.0 0.551529
2603 0.0 0.7088359999999999
2604 0.0 0.5003740000000001
2605 0.0 0.283825
2606 0.0 0.477369
2607 0.0 0.48537100000000005
2608 0.0 0.627285
2609 0.0 0.042236
2610 0.0 0.530873
2611 0.0 0.0
2612 0.0 0.631644
2613 0.0 0.414648
2614 0.0 0.43103899999999995
2615 0.0 0.34893199999999996
2616 0.0 0.31294299999999997
2617 0.0 0.790173
2618 0.0 0.292728
2619 0.0 0.5052909999999999
2620 0.0 0.565806
2621 0.0 0.0
2622 0.0 0.709786
2623 0.0 0.5763729999999998
2624 0.0 0.4125960000000001
2625 0.0 0.6172490000000002
2626 0.0 0.7202559999999999
2627 0.0 0.361857
2628 0.0 0.527632
2629 0.0 0.08568400000000001
2630 0.0 0.44986399999999993
2631 0.0 0.252072
2632 0.0 0.471436
2633 0.0 0.14909699999999998
2634 0.0 0.0
2635 0.0 0.455214
2636 0.0 0.7874479999999999
2637 0.0 0.27640200000000004
2638 0.0 0.4596199999999999
2639 0.0 0.178227
2640 0.0 0.083662
2641 0.0 0.082421
2642 0.0 0.7587049999999997
2643 0.0 0.259589
2644 0.0 0.893945
2645 0.0 0.11429700000000001
2646 0.015248 0.121924
2647 0.0 0.673383
2648 0.0 0.06457
2649 0.0 0.507541
2650 0.0 0.0
2651 0.0 0.8903700000000001
2652 0.0 0.384324
2653 0.0 0.761083
2654 0.0 0.08807799999999999
2655 0.0 0.011686
2656 0.275105 0.40362
2657 0.0 0.364066
2658 0.0 0.645586
2659 0.0 0.077666
2660 0.0 0.5414680000000001
2661 0.0 0.75695
2662 0.0 0.369808
2663 0.310038 0.12232100000000001
2664 0.031358000000000004 0.0
2665 0.020054 0.5526359999999999
2666 0.034129 0.0
2667 0.108641 0.6304710000000001
2668 0.048047 0.390708
2669 0.042696 0.003008
2670 0.038743 0.108117
2671 0.888869 0.0
2672 0.037765 0.653053
2673 0.070051 0.0
2674 0.0 0.8041070000000001
2675 0.014569 0.7043490000000001
2676 0.0 0.0
2677 0.0 0.184662
2678 0.638574 0.0
2679 0.049138 0.0
2680 0.004377 0.0
2681 0.057561 0.0
2682 0.183562 0.582653
2683 0.047577 0.0
2684 0.0 0.264695
2685 0.260675 0.243525
2686 0.073698 0.628104
2687 0.079346 0.384027
2688 0.0 0.0
2689 0.006107 0.0
2690 0.0 0.5638240000000001
2691 0.0 0.0
2692 0.253567 0.0
2693 0.206993 0.16175799999999999
2694 0.033462 0.026109
2695 0.156789 0.0
2696 0.0 0.357502
2697 0.09640399999999999 0.492751
2698 0.061664 0.0
2699 0.515894 0.104443
2700 0.170513 0.459082
2701 0.0 0.711966
2702 0.015414 0.646606
2703 0.297019 0.105362
2704 0.0 0.0
2705 0.077387 0.0
2706 0.098926 0.0
2707 0.032801 0.670969
2708 0.048702 0.315153
2709 0.0 0.801833
2710 0.0 0.354935
2711 0.034627 0.29587
2712 0.0 0.49362
2713 0.029415 0.592061
2714 0.521048 0.0
2715 0.069444 0.344974
2716 0.029606 0.114185
2717 0.090867 0.0
2718 0.033256 0.59168
2719 0.0 0.209977
2720 0.050171 0.059455
2721 0.614245 0.0
2722 0.0 0.521071
2723 0.0 0.873578
2724 0.024987 0.316705
2725 0.27739199999999997 0.340113
2726 0.260455 0.0
2727 0.0 0.6683870000000001
2728 0.0 0.37162900000000004
2729 0.031030000000000002 0.067389
2730 0.039309 0.6773210000000001
2731 0.0 0.0
2732 0.0 0.45395199999999997
2733 0.0 0.6662250000000001
2734 0.18397999999999998 0.39994399999999997
2735 0.0 0.392439
2736 0.520455 0.0
2737 0.085299 0.282124
2738 0.129243 0.026303
2739 0.078943 0.632264
2740 0.0 0.0
2741 0.056613000000000004 0.0
2742 0.006497 0.4762219999999999
2743 0.080657 0.0
2744 0.0 0.589172
2745 0.099545 0.0
2746 0.200776 0.0
2747 0.226864 0.061249000000000005
2748 0.023851999999999998 0.5481060000000001
2749 0.012396 0.020631
2750 0.0 0.0
2751 0.0 0.72065
2752 0.0 0.628817
2753 0.035623 0.691195
2754 0.018902 0.0
2755 0.086916 0.0
2756 0.051332 0.0
2757 0.028464999999999997 0.0
2758 0.002999 0.053446
2759 0.0 0.23039899999999996
2760 0.427865 0.0
2761 0.076553 0.0
2762 0.0 0.623552
2763 0.045928 0.0
2764 0.470645 0.079242
2765 0.027953 0.617413
2766 0.166113 0.0
2767 0.0 0.386794
2768 0.192136 0.404078
2769 0.290276 0.012744
2770 0.0 0.126082
2771 0.0 0.781794
2772 0.112565 0.06109
2773 0.086871 0.0
2774 0.621951 0.0
2775 0.144702 0.5056630000000001
2776 0.163596 0.0
2777 0.042069 0.0
2778 0.015791 0.27277199999999996
2779 0.053332 0.292873
2780 0.0 0.125225
2781 0.029729 0.467417
2782 0.056927000000000005 0.0
2783 0.0 0.237041
2784 0.128961 0.228378
2785 0.0 0.552851
2786 0.004476 0.0
2787 0.047417 0.7082590000000001
2788 0.0 0.0
2789 0.21083600000000002 0.425281
2790 0.052159 0.800103
2791 0.18639 0.44144400000000006
2792 0.0 0.0
2793 0.0 0.325892
2794 0.207148 0.0
2795 0.0 0.40069199999999994
2796 0.028119 0.04495
2797 0.0 0.5134029999999999
2798 0.238325 0.0
2799 0.444467 0.0
2800 0.066719 0.0
2801 0.0 0.849315
2802 0.0 0.5224719999999999
2803 0.0 0.594257
2804 0.005786 0.440661
2805 0.070622 0.0
2806 0.065787 0.039398
2807 0.0 0.0
2808 0.748379 0.0
2809 0.20088 0.0
2810 0.0 0.046713
2811 0.0 0.5967009999999999
2812 0.084606 0.594803
2813 0.046747 0.37891199999999997
2814 0.0 0.0
2815 0.002492 0.0
2816 0.0 0.719901
2817 0.441755 0.0
2818 0.0 0.576694
2819 0.0 0.354501
2820 0.26211 0.489371
2821 0.362081 0.0
2822 0.22516999999999998 0.113878
2823 0.052986 0.6248659999999999
2824 0.879023 0.0
2825 0.0 0.145355
2826 0.096728 0.071412
2827 0.022307 0.0
2828 0.0357 0.13611
2829 0.110716 0.605296
2830 0.0 0.6135789999999999
2831 0.076069 0.6022759999999999
2832 0.068323 0.5832179999999999
2833 0.0 0.21943700000000005
2834 0.252872 0.0
2835 0.062757 0.0
2836 0.099309 0.235239
2837 0.642692 0.0
2838 0.282293 0.0
2839 0.047867999999999994 0.0
2840 0.08947100000000001 0.744202
2841 0.0 0.363446
2842 0.559668 0.0
2843 0.04104 0.359699
2844 0.072124 0.240816
2845 0.129069 0.560162
2846 0.0 0.38262599999999997
2847 0.152654 0.6649809999999999
2848 0.0 0.355946
2849 0.003318 0.7697489999999998
2850 0.074088 0.0
2851 0.24964999999999998 0.0
2852 0.342331 0.0
2853 0.002207 0.6239629999999998
2854 0.09987299999999999 0.0
2855 0.06579 0.8545050000000001
2856 0.115076 0.611618
2857 0.0 0.0
2858 0.0 0.5188630000000001
2859 0.064486 0.49059699999999995
2860 0.0 0.292486
2861 0.144666 0.0
2862 0.034143 0.0
2863 0.028326000000000004 0.28987799999999997
2864 0.013496 0.0
2865 0.090805 0.5258889999999999
2866 0.037693 0.0
2867 0.084643 0.0
2868 0.089279 0.47495400000000004
2869 0.034625 0.6380129999999998
2870 0.0 0.28372200000000003
2871 0.011743 0.175606
2872 0.027979 0.0
2873 0.0 0.0
2874 0.049888 0.0
2875 0.0 0.608479
2876 0.0 0.745436
2877 0.0706 0.0
2878 0.034173 0.633976
2879 0.55913 0.0
2880 0.06264700000000001 0.0
2881 0.0 0.7153119999999998
2882 0.091452 0.317243
2883 0.0 0.5816520000000001
2884 0.431018 0.0
2885 0.0 0.0
2886 0.385875 0.0
2887 0.048160999999999995 0.0
2888 0.672673 0.0
2889 0.074079 0.154314
2890 0.018588 0.0
2891 0.0 0.0
2892 0.040163 0.644155
2893 0.0 0.7123809999999999
2894 0.0 0.759393
2895 0.0 0.7758259999999999
2896 0.035882 0.0
2897 0.055986 0.0
2898 0.233289 0.674262
2899 0.0 0.0
2900 0.0 0.552574
2901 0.019903 0.752553
2902 0.108719 0.624587
2903 0.486754 0.0
2904 0.001544 0.04154
2905 0.0 0.0
2906 0.056143 0.0
2907 0.17061300000000001 0.0
2908 0.061257 0.0
2909 0.129822 0.0
2910 0.028578 0.0
2911 0.045308 0.0
2912 0.137901 0.0
2913 0.004242 0.0
2914 0.025076 0.058535
2915 0.045925 0.0
2916 0.068924 0.0
2917 0.0 0.0
2918 0.0 0.224014
2919 0.04414 0.0
2920 0.046996 0.01237
2921 0.08236 0.527533
2922 0.0 0.0
2923 0.110661 0.455565
2924 0.016424 0.0
2925 0.017191 0.0
2926 0.497149 0.15855
2927 0.027336 0.0
2928 0.063883 0.0
2929 0.0 0.0
2930 0.0 0.0
2931 0.060922 0.0
2932 0.0 0.37150299999999997
2933 0.394017 0.0
2934 0.139791 0.030097
2935 0.246548 0.0
2936 0.00418 0.22703199999999998
2937 0.05014 0.241926
2938 0.102504 0.651699
2939 0.011755999999999999 0.163704
2940 0.0 0.0
2941 0.578658 0.106499
2942 0.299427 0.265947
2943 0.0 0.0
2944 0.033563 0.0
2945 0.0 0.0
2946 0.045508999999999994 0.08854899999999999
2947 0.0 0.0974
2948 0.0 0.0
2949 0.32295399999999996 0.0
2950 0.0 0.244253
2951 0.054637 0.067408
2952 0.0 0.0
2953 0.07377 0.0
2954 0.179238 0.5626070000000001
2955 0.0 0.686061
2956 0.024411 0.0
2957 0.0 0.315355
2958 0.0 0.445541
2959 0.186098 0.240049
2960 0.10349 0.0
2961 0.086114 0.0
2962 0.080512 0.0
2963 0.0 0.0
2964 0.285957 0.630101
2965 0.0 0.616362
2966 0.07040099999999999 0.0
2967 0.100966 0.0
2968 0.0 0.330164
2969 0.0 0.0
2970 0.051103 0.19043600000000002
2971 0.0 0.162453
2972 0.528651 0.162442
2973 0.029528 0.37421000000000004
2974 0.0 0.0
2975 0.380303 0.0
2976 0.062704 0.49290599999999996
2977 0.0 0.0
2978 0.319013 0.124995
2979 0.254303 0.0
2980 0.39567 0.535924
2981 0.174854 0.0
2982 0.483444 0.099245
2983 0.312449 0.0
2984 0.121971 0.275022
2985 0.03363 0.0
2986 0.054481 0.0
2987 0.0 0.0
2988 0.066517 0.0
2989 0.020992 0.5478139999999999
2990 0.0 0.481476
2991 0.038524 0.5366320000000001
2992 0.005471 0.664277
2993 0.0 0.0
2994 0.0 0.0
2995 0.085908 0.506354
2996 0.0 0.416997
2997 0.48946 0.0
2998 0.0 0.746994
2999 0.21607400000000002 0.077955
3000 0.0 0.0
3001 0.0 0.6837369999999999
3002 0.030658 0.590653
3003 0.517935 0.0
3004 0.128586 0.0
3005 0.042519 0.204058
3006 0.941051 0.0
3007 0.0 0.880128
3008 0.411747 0.213008
3009 0.08285000000000001 0.639874
3010 0.064754 0.082997
3011 0.071629 0.5570539999999999
3012 0.412929 0.0
3013 0.068761 0.423911
3014 0.0 0.0
3015 0.0 0.208826
3016 0.024649 0.677997
3017 0.018318 0.588688
3018 0.030471 0.6665519999999999
3019 0.032234 0.621978
3020 0.045474 0.32062599999999997
3021 0.0 0.5031479999999999
3022 0.0 0.0
3023 0.075497 0.0
3024 0.0 0.6000559999999999
3025 0.06965 0.0
3026 0.074477 0.0
3027 0.0 0.6056109999999999
3028 0.0 0.0
3029 0.033889 0.0
3030 0.582336 0.0
3031 0.0 0.0
3032 0.04976 0.677675
3033 0.0 0.0
3034 0.098473 0.0
3035 0.051668000000000006 0.132629
3036 0.0 0.0
3037 0.385916 0.0
3038 0.0 0.52328
3039 0.009554 0.638424
3040 0.012062 0.0
3041 0.030563 0.32159499999999996
3042 0.12346 0.08876
3043 0.0 0.24107599999999998
3044 0.0 0.0
3045 0.545574 0.339137
3046 0.0 0.44741700000000006
3047 0.038186 0.0
3048 0.0 0.670236
3049 0.011747 0.12425900000000001
3050 0.222687 0.0
3051 0.021178 0.510034
3052 0.080572 0.0
3053 0.271973 0.0
3054 0.08760699999999999 0.0
3055 0.366279 0.0
3056 0.057728 0.0
3057 0.230689 0.0
3058 0.169218 0.095063
3059 0.16418 0.351508
3060 0.010723 0.43683599999999995
3061 0.164887 0.147699
3062 0.0 0.343186
3063 0.0 0.0
3064 0.041355 0.0
3065 0.077821 0.0
3066 0.0 0.0
3067 0.084649 0.19884000000000002
3068 0.0 0.250425
3069 0.093908 0.7801359999999999
3070 0.0 0.5957670000000002
3071 0.0 0.0
3072 0.15352300000000002 0.514135
3073 0.055945999999999996 0.0
3074 0.916821 0.0
3075 0.0 0.523129
3076 0.0 0.43058300000000005
3077 0.147864 0.465848
3078 0.017659 0.0
3079 0.0 0.140201
3080 0.170136 0.109283
3081 0.287807 0.0
3082 0.04461 0.021655
3083 0.569782 0.0
3084 0.081302 0.086447
3085 0.006363 0.0
3086 0.060768 0.6899119999999999
3087 0.0 0.698231
3088 0.0 0.37094099999999997
3089 0.07636 0.481553
3090 0.086823 0.009774
3091 0.84017 0.0
3092 0.0 0.0
3093 0.0 0.44091800000000003
3094 0.0 0.7802629999999999
3095 0.20061 0.0
3096 0.131383 0.0
3097 0.0 0.485331
3098 0.0 0.0
3099 0.0 0.57284
3100 0.106488 0.608411
3101 1.64E-4 0.6905580000000001
3102 0.0 0.09913899999999999
3103 0.064589 0.649134
3104 0.015164 0.013262
3105 0.265582 0.0
3106 0.001185 0.6589249999999998
3107 0.062136 0.252211
3108 0.0 0.0
3109 0.0 0.305782
3110 0.0 0.598387
3111 0.049252 0.6860729999999999
3112 0.0 0.884833
3113 0.0 0.46081200000000005
3114 0.046038 0.0
3115 0.0 0.144575
3116 0.01225 0.054387
3117 0.062611 0.232826
3118 0.068854 0.0
3119 0.0 0.0
3120 0.051309 0.129508
3121 0.786491 0.0
3122 0.310502 0.0
3123 0.014611 0.0
3124 0.091705 0.30568400000000007
3125 0.0 0.0
3126 0.187451 0.0
3127 0.9232659999999999 0.0
3128 0.681245 0.0
3129 0.063558 0.0
3130 0.278883 0.0
3131 0.0 0.0
3132 0.0 0.7449109999999998
3133 0.0 0.768316
3134 0.0 0.0
3135 0.10758 0.0
3136 0.0 0.217237
3137 0.188716 0.0
3138 0.0 0.361201
3139 0.34577499999999994 0.303453
3140 0.0 0.688669
3141 0.40443799999999996 0.0
3142 0.039458 0.0
3143 0.0 0.0
3144 0.0 0.148846
3145 0.038671 0.322785
3146 0.048451 0.3751999999999999
3147 0.411509 0.0
3148 0.0 0.161822
3149 0.031657 0.0
3150 0.0 0.7330100000000002
3151 0.0 0.325131
3152 0.0 0.21113800000000002
3153 0.314352 0.094294
3154 0.013344 0.242933
3155 0.518372 0.21719
3156 0.0 0.099644
3157 0.0 0.46654700000000005
3158 0.057521 0.0
3159 0.188939 0.6554080000000001
3160 0.0 0.188728
3161 0.498797 0.392294
3162 0.120256 0.075768
3163 0.0 0.0
3164 0.19405799999999998 0.0
3165 0.266119 0.0
3166 0.0 0.0
3167 0.110506 0.629867
3168 0.0 0.071096
3169 0.027541 0.313218
3170 0.0 0.619523
3171 0.19779 0.36975199999999997
3172 0.058888 0.28732
3173 0.0 0.220661
3174 0.028381999999999998 0.0
3175 0.036046 0.251781
3176 0.032008 0.6146189999999999
3177 0.064618 0.540019
3178 0.0 0.539082
3179 0.0 0.213644
3180 0.076221 0.572353
3181 0.245027 0.6434329999999999
3182 0.0 0.449159
3183 0.0 0.0
3184 0.0 0.0
3185 0.0 0.27092000000000005
3186 0.165412 0.456357
3187 0.080068 0.507729
3188 0.0 0.38067999999999996
3189 0.0 0.48527699999999996
3190 0.108516 0.581877
3191 0.0 0.343268
3192 0.0 0.6544959999999999
3193 0.0 0.0
3194 0.064307 0.406775
3195 0.0 0.0
3196 0.162654 0.34025799999999995
3197 0.0 0.911357
3198 0.031023 0.076339
3199 0.111645 0.7216680000000001
3200 0.42897399999999997 0.0
3201 0.003302 0.7842699999999998
3202 0.0 0.0
3203 0.0 0.6031019999999999
3204 0.015342 0.42259599999999997
3205 0.205885 0.258015
3206 0.0 0.873545
3207 0.06567100000000001 0.22154400000000002
3208 0.182599 0.48016699999999995
3209 0.002403 0.48360100000000006
3210 0.125902 0.206222
3211 0.003367 0.224231
3212 0.0 0.415768
3213 0.023552 0.0
3214 0.039071 0.159076
3215 0.0 0.22444899999999998
3216 0.126088 0.0
3217 0.0 0.311241
3218 0.430806 0.0
3219 0.0 0.6820329999999999
3220 0.054105 0.0
3221 0.074351 0.832005
3222 0.15352 0.0
3223 0.0 0.416518
3224 0.0 0.252272
3225 0.0 0.074101
3226 0.033839999999999995 0.0
3227 0.471471 0.0
3228 0.0 0.0
3229 0.30645 0.307777
3230 0.0 0.0
3231 0.102501 0.0
3232 0.049876 0.0
3233 0.003095 0.6361370000000001
3234 0.07287600000000001 0.0
3235 0.0 0.816584
3236 0.0 0.216941
3237 0.004238 0.0
3238 0.038978 0.0
3239 0.0 0.0
3240 0.017993 0.316316
3241 0.342486 0.165719
3242 0.0 0.5157240000000001
3243 0.021346 0.0
3244 0.191879 0.6724140000000001
3245 0.365857 0.0
3246 0.070163 0.8539639999999998
3247 0.040746 0.5878829999999999
3248 0.017123 0.36979300000000004
3249 0.0 0.086401
3250 0.0 0.0
3251 0.213966 0.74039
3252 0.016654 0.717316
3253 0.0 0.7726720000000002
3254 0.0 0.67643
3255 0.0 0.32105
3256 0.0 0.0
3257 0.086512 0.0
3258 0.110098 0.572356
3259 0.005186 0.285787
3260 0.0 0.268003
3261 0.037326 0.42795
3262 0.14412 0.406173
3263 0.0 0.0
3264 0.0 0.170783
3265 0.030267 0.7871370000000001
3266 0.366044 0.0
3267 0.0 0.45964200000000005
3268 0.0 0.0
3269 0.458784 0.0
3270 0.0 0.886006
3271 0.36797 0.0
3272 0.053762 0.12046
3273 0.139663 0.6653020000000001
3274 0.051665 0.068998
3275 0.0 0.032733
3276 0.0 0.202747
3277 0.0 0.47100800000000004
3278 0.509632 0.0
3279 0.11206 0.795181
3280 0.0 0.6125549999999997
3281 0.0 0.507499
3282 0.0 0.0
3283 0.248987 0.0
3284 0.085097 0.0
3285 0.0 0.7796259999999999
3286 0.0 0.0
3287 0.080898 0.782299
3288 0.0 0.30865200000000004
3289 0.073542 0.6422549999999999
3290 0.29868 0.0
3291 0.006755 0.33995099999999995
3292 0.0 0.631869
3293 0.043467 0.0
3294 0.146175 0.0
3295 0.09143000000000001 0.8284850000000001
3296 0.075185 0.692436
3297 0.031367 0.7178899999999998
3298 0.012939 0.638284
3299 0.0 0.54857
3300 0.0 0.163289
3301 0.0 0.0
3302 0.031045 0.5282279999999999
3303 0.0 0.0
3304 0.0 0.130066
3305 0.0 0.047087
3306 0.0 0.773788
3307 0.0 0.467918
3308 0.272919 0.184083
3309 0.0 0.0
3310 0.953495 0.0
3311 0.427809 0.507075
3312 0.0 0.9026590000000001
3313 0.0089 0.578626
3314 0.581887 0.292471
3315 0.090124 0.0
3316 0.003666 0.264707
3317 0.191938 0.0
3318 0.595628 0.093565
3319 0.181954 0.434879
3320 0.0 0.042722
3321 0.0 0.36643899999999996
3322 0.92742 0.0
3323 0.1786 0.513137
3324 0.042399 0.0
3325 0.36148800000000003 0.0
3326 0.0 0.243852
3327 0.02992 0.23446
3328 0.0 0.551077
3329 0.0 0.9005810000000001
3330 0.047827 0.39093700000000003
3331 0.0 0.406158
3332 0.051006 0.5411519999999999
3333 0.0 0.0
3334 0.500287 0.0
3335 0.012502 0.48224799999999995
3336 0.8825080000000001 0.0
3337 0.0 0.254461
3338 0.299039 0.0
3339 0.05844 0.0
3340 0.46450900000000006 0.129894
3341 0.0 0.598918
3342 0.0 0.064836
3343 0.270459 0.25496
3344 0.0 0.670238
3345 0.075458 0.487043
3346 0.028616 0.11172499999999999
3347 0.033491 0.522166
3348 0.060240999999999996 0.0
3349 0.0 0.386422
3350 0.0 0.6971099999999999
3351 0.076505 0.330854
3352 0.0 0.0
3353 0.0 0.40836799999999995
3354 0.538242 0.0
3355 0.006337 0.11637700000000001
3356 0.0 0.512285
3357 0.0 0.0
3358 0.0 0.795642
3359 0.093387 0.835562
3360 0.0 0.5598299999999999
3361 0.0 0.0
3362 0.037549 0.0
3363 0.08480499999999999 0.0
3364 0.0 0.0
3365 0.0 0.227189
3366 0.008005 0.123856
3367 0.0 0.339644
3368 0.0 0.0
3369 0.0 0.558342
3370 0.483655 0.396084
3371 0.182061 0.622871
3372 0.224075 0.412068
3373 0.031811 0.6993510000000001
3374 0.0 0.215362
3375 0.0 0.083152
3376 0.8148690000000001 0.0
3377 0.119406 0.588909
3378 0.0 0.7850580000000003
3379 0.0 0.645821
3380 0.0 0.9022129999999999
3381 0.075116 0.4856000000000001
3382 0.101501 0.051951
3383 0.053791 0.444902
3384 0.020565 0.0
3385 0.0 0.6040580000000001
3386 0.062146 0.500533
3387 0.030953 0.0
3388 0.0 0.0
3389 0.283854 0.324293
3390 0.057818 0.0
3391 0.077439 0.5952669999999999
3392 0.208687 0.035686
3393 0.0 0.767892
3394 0.122194 0.002595
3395 0.0 0.55007
3396 0.0 0.448687
3397 0.020718 0.586941
3398 0.16677 0.0
3399 0.132247 0.0
3400 0.088581 0.078542
3401 0.484611 0.09586
3402 0.403359 0.115113
3403 0.051656999999999995 0.6559979999999999
3404 0.0 0.566149
3405 0.425307 0.084925
3406 0.065969 0.409264
3407 0.0 0.0
3408 0.516911 0.0
3409 0.068592 0.119266
3410 0.291422 0.0
3411 0.079816 0.322956
3412 0.021685 0.512421
3413 0.0 0.0
3414 0.089551 0.0
3415 0.094534 0.7099099999999999
3416 0.0 0.229445
3417 0.09323000000000001 0.0
3418 0.0 0.313577
3419 0.049952 0.686721
3420 0.11577 0.37307100000000004
3421 0.242298 0.537415
3422 0.0 0.600214
3423 0.23709399999999997 0.19290399999999996
3424 0.0 0.927686
3425 0.0 0.596123
3426 0.049673999999999996 0.0
3427 0.526523 0.0
3428 0.0 0.311703
3429 0.0 0.0
3430 0.274177 0.0
3431 0.0 0.304699
3432 0.00881 0.941792
3433 0.09995200000000001 0.0
3434 0.0 0.011572
3435 0.032454 0.0
3436 0.0 0.0
3437 0.0 0.0
3438 0.24470199999999998 0.44121299999999997
3439 0.0 0.223109
3440 0.17002799999999998 0.463495
3441 0.0 0.051983
3442 0.191208 0.35253900000000005
3443 0.14522799999999997 0.099511
3444 0.0 0.0
3445 0.37743499999999996 0.0
3446 0.211385 0.49591499999999994
3447 0.0 0.0
3448 0.061273 0.650038
3449 0.11646599999999999 0.36338800000000004
3450 0.054152 0.592402
3451 0.0 0.0
3452 0.0 0.565208
3453 0.635061 0.0
3454 0.114009 0.0
3455 0.050788 0.35802500000000004
3456 0.035560999999999995 0.6252759999999999
3457 0.377191 0.479797
3458 0.196214 0.0
3459 0.0 0.231983
3460 0.103227 0.080645
3461 0.0 0.43302999999999997
3462 0.0 0.647496
3463 0.33342000000000005 0.081427
3464 0.251724 0.072117
3465 0.0 0.23702800000000002
3466 0.24933 0.071157
3467 0.925562 0.0
3468 0.34769700000000003 0.025602
3469 0.041026 0.18367599999999998
3470 0.15131 0.422532
3471 0.137157 0.414338
3472 0.0 0.391349
3473 0.554193 0.0
3474 0.006499 0.084689
3475 0.0 0.291709
3476 0.0 0.09078800000000001
3477 0.068058 0.633302
3478 0.25750799999999996 0.0
3479 0.102584 0.0
3480 0.099986 0.133716
3481 0.564937 0.0
3482 0.154369 0.20057
3483 0.372773 0.137889
3484 0.0 0.218874
3485 0.0 0.544537
3486 0.293747 0.0
3487 0.170708 0.252868
3488 0.006186 0.40506699999999995
3489 0.615887 0.0
3490 0.142809 0.0
3491 0.064601 0.685793
3492 0.17548999999999998 0.440256
3493 0.362983 0.0
3494 0.47646 0.0
3495 0.071605 0.21868100000000001
3496 0.136045 0.48179500000000003
3497 0.135955 0.6489140000000001
3498 0.0 0.0
3499 0.0 0.138334
3500 0.120088 0.0
3501 0.036713 0.109282
3502 0.695946 0.0
3503 0.15977 0.258084
3504 0.0 0.240886
3505 0.0 0.0
3506 0.35102900000000004 0.021279
3507 0.0 0.0
3508 0.176986 0.28944099999999995
3509 0.246063 0.0
3510 0.169677 0.0
3511 0.114443 0.121087
3512 0.264191 0.525236
3513 0.055646 0.491099
3514 0.055145 0.38824899999999996
3515 0.186798 0.0
3516 0.465177 0.0
3517 0.029086 0.6419489999999999
3518 0.055598999999999996 0.24986
3519 0.162226 0.370227
3520 0.0 0.465573
3521 0.079694 0.184444
3522 0.343973 0.182205
3523 0.367078 0.0
3524 0.16065200000000002 0.0
3525 0.116913 0.27277
3526 0.15488000000000002 0.402102
3527 0.0 0.080092
3528 0.026873 0.557767
3529 0.18867699999999998 0.0
3530 0.0 0.316418
3531 0.25294300000000003 0.43847
3532 0.514633 0.131564
3533 0.090981 0.50044
3534 0.10354200000000001 0.258188
3535 0.170846 0.120119
3536 0.225759 0.165335
3537 0.0 0.0
3538 0.5451020000000001 0.0
3539 0.845196 0.0
3540 0.065915 0.0
3541 0.613864 0.0
3542 0.071723 0.316324
3543 0.003365 0.563201
3544 0.0 0.0
3545 0.07098 0.288932
3546 0.037706 0.270055
3547 0.192227 0.17152
3548 0.264283 0.276732
3549 0.039615 0.35638899999999996
3550 0.116667 0.362517
3551 0.098367 0.557448
3552 0.195669 0.44767
3553 0.030185 0.30943699999999996
3554 0.048812 0.217023
3555 0.275104 0.020861
3556 0.250532 0.0
3557 0.037065 0.659986
3558 0.30582400000000004 0.0
3559 0.020663 0.246759
3560 0.962566 0.0
3561 0.0 0.150773
3562 0.586991 0.0
3563 0.011173 3.71E-4
3564 0.300214 0.168084
3565 0.0 0.52857
3566 0.0 0.199764
3567 0.31062500000000004 0.0
3568 0.070775 0.0
3569 0.227412 0.0
3570 0.81055 0.0
3571 0.0 0.145033
3572 0.315303 0.0
3573 0.0 0.131654
3574 0.057814 0.562992
3575 0.0 0.0
3576 0.089557 0.5216130000000001
3577 0.017983 0.31544099999999997
3578 0.089407 0.0
3579 0.0 0.30212
3580 0.125532 0.260742
3581 0.9147810000000001 0.0
3582 0.0 0.0
3583 0.294599 0.0
3584 0.110013 0.0
3585 0.211377 0.7278880000000001
3586 0.024771 0.42821300000000007
3587 3.96E-4 0.0
3588 0.268416 0.0
3589 0.0 0.0
3590 0.098644 0.728339
3591 0.126398 0.0
3592 0.07033 0.410796
3593 0.30862700000000004 0.0
3594 0.389193 0.0
3595 0.413898 0.0
3596 0.022153 0.139897
3597 0.0 0.0
3598 0.361166 0.40188100000000004
3599 0.0 0.7363429999999999
3600 0.46743799999999996 0.421002
3601 0.225044 0.0
3602 0.24623099999999998 0.0
3603 0.0 0.544501
3604 0.149043 0.52494
3605 0.125932 0.611541
3606 0.0 0.133956
3607 0.0 0.0
3608 0.129067 0.6252439999999999
3609 0.016237 0.46487599999999996
3610 0.0317 0.121082
3611 0.042963 0.205153
3612 0.0 0.0
3613 0.42803100000000005 0.0
3614 0.203089 0.196505
3615 0.0 0.096088
3616 0.0 0.12413
3617 0.216117 0.0
3618 0.265615 0.44107199999999996
3619 0.580294 0.288002
3620 0.468113 0.0
3621 0.402333 0.0
3622 0.216512 0.0
3623 0.372893 0.0
3624 0.039759 0.49702
3625 0.04893 0.139056
3626 0.370315 0.229766
3627 0.0 0.029947
3628 0.465113 0.0
3629 0.05347 0.31830899999999995
3630 0.0 0.0
3631 0.652631 0.0
3632 0.9300780000000001 0.0
3633 0.059651 0.35763899999999993
3634 0.41119 0.0
3635 0.068618 0.38947200000000004
3636 0.084795 0.40165799999999996
3637 0.0 0.510023
3638 0.0 0.500393
3639 0.709067 0.0
3640 0.042837 0.18171199999999998
3641 0.131977 0.04596
3642 0.192973 0.41691199999999995
3643 0.23088 0.0
3644 0.0 0.162065
3645 0.081248 0.096173
3646 0.310303 0.0
3647 0.235134 0.302672
3648 0.23693600000000004 0.0
3649 0.36092 0.0
3650 0.0 0.0
3651 0.074162 0.41954700000000006
3652 0.419933 0.0
3653 0.260133 0.409898
3654 0.22986399999999999 0.282074
3655 0.093034 0.0
3656 0.235553 0.5908689999999999
3657 0.27977399999999997 0.0
3658 0.223594 0.202954
3659 0.04495 0.208945
3660 0.344751 0.320058
3661 0.0319 0.531882
3662 0.0 0.20755099999999999
3663 0.0 0.49857100000000004
3664 0.060808 0.137877
3665 0.456243 0.0
3666 0.0 0.494815
3667 0.11704 0.44024700000000005
3668 0.120984 0.0
3669 0.44783800000000007 0.0
3670 0.098345 0.7495159999999998
3671 0.208452 0.0
3672 0.0 0.440016
3673 0.0 0.596249
3674 0.142307 0.615031
3675 0.0 0.25661
3676 0.232035 0.625851
3677 0.143548 0.5225090000000001
3678 0.82562 0.0
3679 0.003035 0.6130880000000001
3680 0.212534 0.0
3681 0.277555 0.583078
3682 0.0 0.00559
3683 0.132705 0.4966339999999999
3684 0.12742599999999998 0.589902
3685 0.0 0.063999
3686 0.0 0.8537250000000001
3687 0.109455 0.311244
3688 0.693854 0.0
3689 0.258666 0.0
3690 0.141003 0.065245
3691 0.194915 0.0
3692 0.063352 0.5809899999999999
3693 0.04699 0.6845030000000001
3694 0.0 0.353698
3695 0.5848720000000001 0.0
3696 0.0 0.0
3697 0.123648 0.30743
3698 0.255113 0.36227200000000004
3699 0.0 0.0
3700 0.611416 0.0
3701 0.060832 0.335121
3702 0.102381 0.5492649999999999
3703 0.051525 0.0
3704 0.0 0.0
3705 0.11823800000000001 0.43691199999999997
3706 0.191133 0.0
3707 0.049178 0.13232
3708 0.0 0.194822
3709 0.0 0.0
3710 0.0 0.34762300000000007
3711 0.0 0.0
3712 0.0 0.894306
3713 0.0 0.36857700000000004
3714 0.390826 0.0
3715 0.0 0.185254
3716 0.0 0.48151499999999997
3717 0.619481 0.0
3718 0.33143599999999995 0.0
3719 0.291661 0.0
3720 0.279745 0.0
3721 0.143732 0.7000259999999999
3722 0.0 0.095363
3723 0.0 0.0
3724 0.631364 0.0
3725 0.505142 0.0
3726 0.109647 0.096949
3727 0.0 0.0
3728 0.0 0.663377
3729 0.0 0.0
3730 0.102406 0.43910399999999994
3731 0.112781 0.5765459999999999
3732 0.0 0.0
3733 0.0 0.0
3734 0.034464999999999996 0.7177110000000001
3735 0.0 0.44369899999999995
3736 0.317257 0.314453
3737 0.020057 0.424301
3738 0.080722 0.023921
3739 0.166184 0.0
3740 0.084555 0.418473
3741 0.0 0.8430300000000001
3742 0.199616 0.384464
3743 0.276525 0.0
3744 0.0 0.0
3745 0.0 0.0
3746 0.796951 0.0
3747 0.245034 0.0
3748 0.526126 0.0
3749 0.0 0.256756
3750 0.030141 0.423345
3751 0.0 0.0
3752 0.0 0.204835
3753 0.126078 0.369669
3754 0.0 0.0
3755 0.181656 0.42960699999999996
3756 0.0 0.0
3757 0.0 0.17844200000000002
3758 0.111206 0.11512600000000002
3759 0.001314 0.34104
3760 0.13864 0.144183
3761 0.0 0.0
3762 0.0 0.533019
3763 0.067455 0.099763
3764 0.17325200000000002 0.256359
3765 0.381955 0.0
3766 0.0 0.0
3767 0.39581 0.0
3768 0.255316 0.0
3769 0.0 0.723801
3770 0.0 0.0
3771 0.31691 0.0
3772 0.0 0.962054
3773 0.21697699999999998 0.47107000000000004
3774 0.020931 0.42686499999999994
3775 0.0 0.0
3776 0.256056 0.0
3777 0.35759 0.0
3778 0.181618 0.479688
3779 0.0 0.188101
3780 0.0 0.322226
3781 0.350748 0.0
3782 0.22352499999999997 0.024294
3783 0.099335 0.0
3784 0.311122 0.0
3785 0.0 0.246854
3786 0.407159 0.0
3787 0.617065 0.0
3788 0.324512 0.0
3789 0.20951399999999998 0.024406
3790 0.020925 0.5961370000000001
3791 0.133991 0.0
3792 0.372504 0.0
3793 0.145261 0.010371
3794 0.19636499999999998 0.0
3795 0.0 0.178316
3796 0.124457 0.383312
3797 0.0 0.051048
3798 0.0 0.0
3799 0.264743 0.582129
3800 0.054268 0.668897
3801 0.0 0.65947
3802 0.192802 0.326219
3803 0.49766199999999994 0.0
3804 0.0 0.0
3805 0.483805 0.0
3806 0.0 0.813694
3807 0.74465 0.0
3808 0.0 0.0
3809 0.0 0.0
3810 0.12271199999999999 0.097655
3811 0.506595 0.0
3812 0.271481 0.0
3813 0.503717 0.0
3814 0.346402 0.316358
3815 0.0 0.538639
3816 0.0 0.0
3817 0.074901 0.595651
3818 0.0 0.0
3819 0.488726 0.0
3820 0.0 0.0
3821 0.125881 0.193431
3822 0.468393 0.0
3823 0.048002 0.0
3824 1.17E-4 0.345157
3825 0.002477 0.537778
3826 0.3680880000000001 0.0
3827 0.640261 0.0
3828 0.0 0.223073
3829 0.042701 0.009976
3830 0.130978 0.019084
3831 0.0 0.64794
3832 0.0 0.900808
3833 0.241222 0.0
3834 0.176259 0.481095
3835 0.026536 0.7314789999999999
3836 0.125847 0.087501
3837 0.137538 0.307609
3838 0.08288300000000001 0.09448100000000001
3839 0.0 0.0
3840 0.0 0.288788
3841 0.0 0.289311
3842 0.09278 0.667068
3843 0.161506 0.257052
3844 0.0 0.272499
3845 0.0 0.22703099999999998
3846 0.0 0.0
3847 0.0 0.340201
3848 0.415509 0.420605
3849 0.124099 0.316302
3850 0.0 0.274803
3851 0.053877 0.216715
3852 0.0 0.128492
3853 0.0 0.0
3854 0.0 0.975836
3855 0.407274 0.0
3856 0.0 0.0
3857 0.48619999999999997 0.0
3858 0.0 0.32481000000000004
3859 0.330671 0.167097
3860 0.0 0.432843
3861 0.09908800000000001 0.263708
3862 0.0 0.760636
3863 0.0 0.0
3864 0.39022 0.0
3865 0.967018 0.0
3866 0.201261 0.100599
3867 0.0 0.7307690000000001
3868 0.701974 0.0
3869 0.108049 0.0
3870 0.5032319999999999 0.0
3871 0.863519 0.0
3872 0.0 0.203691
3873 0.0 0.08395
3874 0.440348 0.0
3875 0.91506 0.0
3876 0.185989 0.477935
3877 0.058050000000000004 0.544837
3878 0.26476 0.0
3879 0.0 0.0
3880 0.512107 0.0
3881 0.0 0.186109
3882 0.37548400000000004 0.0
3883 0.313056 0.0
3884 0.0 0.8355300000000001
3885 0.523943 0.0
3886 0.0 0.693546
3887 0.30307399999999995 0.0
3888 0.270055 0.08187
3889 0.115328 0.122293
3890 0.355097 0.0
3891 0.24179699999999998 0.38104099999999996
3892 0.716408 0.0
3893 0.0 0.577539
3894 0.114288 0.398159
3895 0.0 0.0
3896 0.372113 0.0
3897 0.470633 0.0
3898 0.374254 0.0
3899 0.0 0.240382
3900 0.164523 0.0
3901 0.178802 0.250156
3902 0.0 0.54606
3903 0.310103 0.0
3904 0.004603 0.462531
3905 0.184667 0.661048
3906 0.155984 0.0
3907 0.0 0.112597
3908 0.406976 0.465942
3909 0.261751 0.0
3910 0.954906 0.0
3911 0.0 0.0
3912 0.56082 0.0
3913 0.0 0.203416
3914 0.0 0.0
3915 0.26326499999999997 0.084733
3916 0.534044 0.331943
3917 0.0 0.0
3918 0.054922 0.326512
3919 0.665609 0.0
3920 0.0 0.0
3921 0.0 0.722299
3922 0.0 0.0
3923 0.62267 0.0
3924 0.381525 0.0
3925 0.265866 0.668098
3926 0.034534 0.619897
3927 0.282972 0.0
3928 0.013263 0.0
3929 0.0 0.699132
3930 0.0 0.807768
3931 0.120355 0.0
3932 0.0 0.03408
3933 0.24895699999999998 0.0
3934 0.036641 0.62035
3935 0.0 0.0
3936 0.0 0.793009
3937 0.0 0.514023
3938 0.0 0.23419099999999998
3939 0.583127 0.0
3940 0.108395 0.198131
3941 0.0 0.647565
3942 0.0 0.0
3943 0.0 0.82318
3944 0.077566 0.515225
3945 0.0 0.234471
3946 0.0 0.0
3947 0.536118 0.0
3948 0.0 0.5112619999999999
3949 0.0 0.173241
3950 0.0 0.53143
3951 0.200045 0.0
3952 0.494936 0.0
3953 0.0 0.0
3954 0.0 0.0
3955 0.470743 0.0
3956 0.0 0.0
3957 0.146425 0.288602
3958 0.306604 0.0
3959 0.0 0.0
3960 0.001505 0.0
3961 0.0 0.219346
3962 0.089257 0.470868
3963 0.0 0.9213870000000001
3964 0.114863 0.086923
3965 0.0 0.411357
3966 0.181323 0.48867999999999995
3967 0.0 0.0
3968 0.031099 0.158747
3969 0.31738 0.0
3970 0.530294 0.0
3971 0.098203 0.34452099999999997
3972 0.11029800000000001 0.0
3973 0.394884 0.0
3974 0.0 0.0
3975 0.0 0.24666300000000002
3976 0.312998 0.0
3977 0.0 0.76249
3978 0.0 0.693235
3979 0.071807 0.424788
3980 0.0 0.0
3981 0.190253 0.0
3982 0.505833 0.0
3983 0.8004 0.0
3984 0.0 0.0
3985 0.408786 0.0
3986 0.04991 0.0
3987 0.0 0.0
3988 0.304897 0.0
3989 0.8459539999999999 0.0
3990 0.801956 0.0
3991 0.950378 0.0
3992 0.0 0.0
3993 0.555309 0.0
3994 0.259292 0.0
3995 0.364011 0.0
3996 0.433979 0.0
3997 0.069131 0.0
3998 0.286358 0.0
3999 0.0 0.0
4000 0.285859 0.0
4001 0.0 0.0
4002 0.260843 0.0
4003 0.0 0.0
4004 0.6953290000000001 0.0
4005 0.0 0.0
4006 0.544052 0.0
4007 0.279685 0.0
4008 0.0 0.0
4009 0.0 0.0
4010 0.0 0.0
4011 0.445736 0.0
4012 0.286211 0.0
4013 0.832811 0.0
4014 0.0 0.0
4015 0.130522 0.0
4016 0.415094 0.0
4017 0.256141 0.0
4018 0.0 0.0
4019 0.0 0.0
4020 0.5562100000000001 0.0
4021 0.0 0.0
4022 0.0 0.0
4023 0.341654 0.0
4024 0.999782 0.0
4025 0.0 0.0
4026 0.338266 0.0
4027 0.782721 0.0
4028 0.0 0.0
4029 0.0 0.0
4030 0.0 0.0
4031 0.380928 0.0
4032 0.0 0.0
4033 0.0 0.0
4034 0.6985 0.0
4035 0.666214 0.0
4036 0.0 0.0
4037 0.820694 0.0
4038 0.824358 0.0
