2037 3437 1684 0 107 363 686 3263 823 414 
2611 348 252 428 1294 3756 3256 170 800 3239 
5 3081 3082 1546 3594 1560 1562 1568 33 35 3621 3622 46 1585 561 3130 60 583 74 587 77 81 86 598 95 1119 97 1635 608 101 3688 106 628 1654 3703 1657 633 1151 639 2692 3717 1670 3218 659 1177 3746 674 3748 676 1194 682 683 3245 687 2736 690 692 3765 182 1206 1726 193 2754 3266 3788 3791 209 721 221 228 744 233 2794 1773 750 2805 3317 253 3334 264 273 785 2834 1301 2838 3864 3865 793 283 3354 3875 292 1317 3885 1840 1843 822 3897 826 1854 319 1857 1860 3910 840 841 1354 843 3410 853 344 347 3939 1387 366 3952 1395 1400 3453 3970 918 2975 945 3006 964 972 979 3034 1499 480 1506 996 3556 3560 3050 3055 3570 7 8 1050 1567 1578 3118 3121 3127 61 1087 3141 3655 586 3147 588 3678 622 3700 631 647 658 147 3222 171 1747 2774 218 3813 230 1776 752 1266 257 773 783 3880 1322 3883 819 316 831 327 328 3931 1895 1403 400 3479 1440 2979 3004 449 3012 1479 3540 985 987 1016 2817 259 1537 6 903 1424 275 1817 1825 3502 3898 3523 195 70 2760 71 1865 847 3665 3669 1494 727 89 735 1758 747 3563 1218 1779 2678 3830 2808 2935 3454 4 306 181 3639 1216 3652 201 91 219 1384 3691 1518 3057 1138 3578 766 152 154 3613 3489 1057 711 78 723 696 849 3562 778 824 829 739 3695 722 
3 2575 34 609 123 124 1671 2720 3236 697 3264 3797 223 248 772 271 291 811 3889 1844 2914 2918 361 3434 383 1943 432 441 443 451 3565 2556 530 3102 2098 3156 2655 3198 141 2190 157 2229 1212 709 2758 2266 2796 760 761 3320 325 3409 856 2904 1910 377 890 3968 1929 420 3501 1979 2520 476 2559 769 2825 3337 3215 399 2586 2843 3484 2073 2600 3625 553 3116 3760 3255 2359 2103 59 962 835 1478 3144 3272 3148 848 2770 861 222 869 3049 753 122 2563 393 2574 2064 528 3480 281 2970 1953 2210 2212 172 698 2115 2500 3274 458 2646 3416 3418 2780 2526 2271 2654 1372 3035 236 2030 500 3573 2932 388 2951 3211 2828 268 3342 1941 2326 3225 1946 2334 159 2340 3367 298 3115 2735 2482 563 2613 439 2871 2495 3136 2499 2118 2631 2504 2124 1356 2383 2392 858 2532 614 871 873 2539 878 2414 2426 2299 251 893 2939 2947 520 531 2324 21 405 3224 2844 2716 1566 421 1829 426 2218 2609 435 309 2492 2240 1984 2123 2005 345 477 3168 2784 864 2154 876 884 2165 885 1912 3326 2308 2564 135 776 2442 3214 2195 3351 2074 2331 2464 2465 2468 39 1831 557 304 2358 1974 568 2489 3259 2111 2507 3275 2638 2002 859 2400 2659 487 877 2541 2550 2554 2300 2301 2950 2311 1938 1042 2200 409 2456 158 1950 3365 2216 1962 2092 2605 2478 3120 570 1993 3151 465 2386 84 212 341 2261 474 2147 2405 3179 2288 2424 2430 3079 396 274 2067 22 408 3355 2467 2469 40 2601 2863 2353 51 3393 1225 2258 2395 2152 2287 2162 372 96 2373 3270 199 265 365 3312 2833 2290 307 2323 85 3349 3094 3160 3124 2615 1949 31 161 258 2407 3146 2220 238 3152 3185 2546 83 2361 3099 156 2591 3169 2341 2347 2093 3316 2677 2197 2936 313 2236 3005 2783 2276 2085 2629 2404 3366 2089 3172 2511 2130 146 2260 2998 3288 2363 2590 2719 2496 2145 2117 2501 2280 3210 2379 3346 1939 2354 2708 2552 2937 3068 2238 2305 2339 2793 3249 2737 2684 2878 3167 2131 2102 1963 2509 2542 2223 2254 2413 2417 1718 2521 2598 2088 2250 2187 2029 2547 1590 2264 2235 2332 2078 2081 2149 1133 2062 2319 2415 2132 2138 1243 2203 2594 899 2436 2116 2475 2222 2161 2491 2396 1923 2183 2312 2259 2292 2202 2633 2585 2004 2461 2346 2555 2645 2529 2344 2639 2128 2099 2007 1916 1961 2134 2230 1942 2330 2075 2057 2643 2567 2247 2065 2071 2208 2641 2493 
3505 3869 3231 3325 1826 2207 3490 909 2193 
1522 2807 3873 3498 2650 3612 3309 3863 2181 2648 
1816 2851 3510 3906 2888 3283 3030 1111 1368 3827 1653 2809 3706 3583 3973 1293 3601 1043 3494 1197 3382 955 3392 1287 2972 2978 3524 1896 1788 1607 1045 3423 3318 
3722 3852 2710 3618 2364 3907 2889 1992 1613 2640 2513 3673 3546 2656 1632 2401 3937 3300 3428 2670 2170 3713 3971 3715 1821 1439 3615 2080 3876 3752 2349 2486 1467 2365 3521 1988 3662 2767 993 2018 3059 3580 1789 3710 1024 3851 2444 3740 2466 3636 1973 2614 2494 3778 967 3531 2000 2789 3817 3561 2157 3566 3455 3780 1092 3527 2632 3977 3629 3663 2320 1968 2450 2009 3961 2011 2113 3525 1669 136 2217 1931 1935 3921 3666 3442 2001 3925 3769 3741 3936 2627 2439 2375 3495 2538 3815 3850 2192 3728 120 3577 1563 2657 2050 2337 1928 3944 3596 1774 3735 3608 1211 1852 3934 1527 1132 3590 1951 
3917 712 1343 3066 2487 3711 3785 324 1283 
504 509 239 3836 3804 3938 322 833 3838 25 
3584 3857 150 3871 301 2999 3903 1217 1858 2245 2886 1738 340 217 3810 1897 1641 2281 2167 1306 3743 1569 3628 2094 3631 47 1202 3126 189 1727 3784 3792 2903 1626 1881 2535 3310 3951 2949 2570 3595 1318 1071 1200 3912 1253 3958 3874 3336 3826 3541 3591 3569 3322 
521 786 3858 789 280 3611 285 547 424 3627 3503 562 3893 55 185 699 3651 332 3918 207 3675 743 232 3559 113 3571 3828 3707 510 3841 3854 3475 148 3616 418 3750 38 813 303 3633 3640 3902 323 3779 3913 203 469 3545 3929 359 368 3825 3957 374 3708 381 3845 3603 3609 26 3488 551 554 308 3772 3518 3647 200 3534 463 3799 3550 3941 104 3824 3962 486 134 169 297 518 3847 3881 3499 79 45 276 3687 3514 3485 862 65 98 132 485 457 142 3762 3635 3832 380 125 103 397 109 3790 3730 277 3574 3542 317 3683 3877 294 3528 331 13 311 3737 186 541 82 211 3860 178 3702 3449 3586 261 231 3796 3670 314 29 224 857 50 3557 118 16 865 30 48 
3131 32 177 386 1544 1783 2437 3425 3980 
2930 2024 27 498 2772 3154 167 3291 3330 782 
1152 131 3338 532 3991 1434 2204 1055 1441 1066 4024 2106 4034 4035 68 1481 3427 1638 143 1564 3376 572 3401 1102 2034 2421 1905 278 225 1822 1666 175 321 
411 3107 804 3374 2990 3380 437 310 2996 2744 453 2378 1995 329 3277 337 3411 2902 93 733 2016 2662 746 2831 2447 406 2984 2732 691 2870 54 3254 320 3138 3267 3015 72 729 863 356 742 3431 3307 3181 2819 36 3397 2022 2980 2696 2795 3180 2802 2803 2804 886 56 888 2778 66 3235 2668 1998 3321 2813 3204 1958 3240 2971 2921 2171 2027 
895 1010 1890 1899 2962 3954 19 58 198 
2133 3733 3162 3207 376 555 2558 539 2434 3241 
2824 1417 1432 166 3003 1091 1105 214 3290 1884 1500 1120 866 870 1134 1392 112 881 501 2934 1284 1036 140 1309 2721 174 974 1002 1277 1158 1872 3091 1208 1820 1508 
2432 2051 522 3861 2711 410 546 548 2100 2618 450 1616 2900 2263 473 2779 354 491 2295 3191 503 2557 2175 514 2562 390 413 543 3496 446 466 1490 481 2923 494 367 3186 2419 2294 416 1954 2724 2310 2343 429 2637 2322 403 536 506 2272 3273 3177 470 2366 2728 2313 2995 3093 3420 2525 3103 3412 3062 3223 3077 3176 3406 2775 3356 3359 2713 3285 3189 2829 3371 3331 3353 2811 2895 2958 3048 2882 3386 3182 2781 
364 867 928 977 1030 1642 1787 2483 2940 
2488 1733 1131 2367 3145 3327 2412 2836 3038 2047 
1676 1552 2595 2852 564 3399 1363 2527 351 1252 1254 874 1519 1713 887 
1169 3344 2473 2345 3383 3385 3395 2628 1990 2635 2893 2141 1634 2160 3067 3197 2049 2690 2146 2186 2219 2955 3021 2251 1072 3190 2199 2231 3002 2497 1987 3113 3242 2156 2158 3248 2455 3196 2973 3070 2856 2474 3051 2762 2954 3089 2360 2686 2015 2411 2991 3217 2742 2841 2105 3424 2342 1930 2858 2126 3381 3260 2402 3109 2091 3347 3060 2041 3009 2129 3332 2853 1922 3170 1933 2317 3262 2120 2587 3396 1964 2797 1960 
3227 3303 3617 3653 3738 3950 4014 4016 4031 
3298 2036 2282 2270 2543 3076 3422 2471 1936 1957 
3720 3724 3985 3859 3990 2967 4002 4007 4011 3777 2884 4037 3269 3668 3803 3805 2798 3916 3632 3539 4023 4013 
3088 2194 2965 2329 2733 2616 1977 3261 3017 3019 2636 2252 3279 2652 2534 2672 3192 2298 2144 2976 2243 2503 3432 2665 2508 2860 2830 2256 3377 2227 2647 1913 3001 1914 2847 2463 2248 2892 3281 2291 1948 3039 2176 2189 2031 1978 2524 2845 2335 2371 3403 2318 2286 2289 1970 2070 1952 2531 2191 2166 2327 2651 2087 2505 2610 2389 2453 2296 2328 2042 2372 2214 2566 2151 2155 2255 2003 1972 2588 2265 2025 2012 2406 2479 2514 2612 2211 
80 94 100 115 144 179 229 315 342 
2333 3549 2416 3178 3100 2325 3335 2510 1966 2273 
262 145 151 24 288 300 190 63 64 330 266 187 302 
2177 3585 2709 2712 3110 1959 2476 2362 3905 3018 3150 2127 2522 3295 2425 2682 2427 2172 3679 3233 1994 2700 2125 2384 2480 2451 2649 2076 3421 3101 3806 3296 2498 3106 2730 2032 3027 2101 3963 3007 2072 3244 3247 3297 2445 2174 3265 1577 2765 2608 2581 1945 2722 2565 2385 2232 2398 2239 1969 2068 2268 2039 2592 2241 2660 2053 2180 2315 1940 2589 1920 2530 1926 2472 2249 2196 2010 2267 2336 2458 2052 2533 2215 2304 2153 2572 2224 2420 2169 2142 2617 1947 2653 1982 2135 2377 2603 2597 2599 2582 2302 2283 2285 2516 2279 2137 2038 2143 2512 1985 2148 2502 2242 2163 2540 2314 
362 370 384 436 483 533 594 645 713 
1189 188 1868 579 2448 617 3280 2734 664 1620 
646 3989 667 1565 671 673 552 851 472 1382 371 4038 634 
389 133 2440 1681 666 165 176 3252 2752 2380 590 334 3287 1370 605 612 1900 626 1531 2082 1063 680 1449 2701 1069 1234 3188 505 2812 1443 516 3206 1458 2644 3350 575 2107 3132 3157 573 3111 2881 2035 1915 3253 644 3289 2787 2228 620 654 2938 2723 3341 
714 717 806 915 921 937 991 1026 1076 
1399 1513 1839 3604 3948 1888 2054 1604 2397 559 
1034 788 920 1700 818 1602 852 1264 767 796 
540 545 1074 2357 1336 3517 1597 1981 1351 2119 3926 1497 1883 1117 2399 1388 3693 1532 512 3456 2114 1571 1610 939 1006 431 2544 1846 1879 3512 2048 1028 3943 1965 1874 1556 1172 3734 1302 1405 1605 1517 946 3800 3674 3677 1619 1437 1085 3886 983 1832 
